frame_number,enemy_sue_x,enemy_inky_x,enemy_pinky_x,enemy_blinky_x,enemy_sue_y,enemy_inky_y,enemy_pinky_y,enemy_blinky_y,player_x,player_y,fruit_x,fruit_y,ghosts_count,player_direction,dots_eaten_count,player_score,num_lives
1,88,88,88,88,80,80,80,50,88,98,0,0,3,3,0,0,2
2,88,88,88,88,80,80,80,50,88,98,0,0,3,3,0,0,2
3,88,88,88,88,80,80,80,50,88,98,0,0,3,3,0,0,2
4,88,88,88,88,80,80,80,50,88,98,0,0,3,3,0,0,2
5,88,88,88,88,80,80,80,50,88,98,0,0,3,3,0,0,2
6,88,88,88,88,80,80,80,50,88,98,0,0,3,3,0,0,2
7,88,88,88,88,80,80,80,50,88,98,0,0,3,3,0,0,2
8,88,88,88,88,80,80,80,50,88,98,0,0,3,3,0,0,2
9,88,88,88,88,80,80,80,50,88,98,0,0,3,3,0,0,2
10,88,88,88,88,80,80,80,50,88,98,0,0,3,3,0,0,2
11,88,88,88,88,80,80,80,50,88,98,0,0,3,3,0,0,2
12,88,88,88,88,80,80,80,50,88,98,0,0,3,3,0,0,2
13,88,88,88,88,80,80,80,50,88,98,0,0,3,3,0,0,2
14,88,88,88,88,80,80,80,50,88,98,0,0,3,3,0,0,2
15,88,88,88,88,80,80,80,50,88,98,0,0,3,3,0,0,2
16,88,88,88,88,80,80,80,50,88,98,0,0,3,3,0,0,2
17,88,88,88,88,80,80,80,50,88,98,0,0,3,3,0,0,2
18,88,88,88,88,80,80,80,50,88,98,0,0,3,3,0,0,2
19,88,88,88,88,80,80,80,50,88,98,0,0,3,3,0,0,2
20,88,88,88,88,80,80,80,50,88,98,0,0,3,3,0,0,2
21,88,88,88,88,80,80,80,50,88,98,0,0,3,3,0,0,2
22,88,88,88,88,80,80,80,50,88,98,0,0,3,3,0,0,2
23,88,88,88,88,80,80,80,50,88,98,0,0,3,3,0,0,2
24,88,88,88,88,80,80,80,50,88,98,0,0,3,3,0,0,2
25,88,88,88,88,80,80,80,50,88,98,0,0,3,3,0,0,2
26,88,88,88,88,80,80,80,50,88,98,0,0,3,3,0,0,2
27,88,88,88,88,80,80,80,50,88,98,0,0,3,3,0,0,2
28,88,88,88,88,80,80,80,50,88,98,0,0,3,3,0,0,2
29,88,88,88,88,80,80,80,50,88,98,0,0,3,3,0,0,2
30,88,88,88,88,80,80,80,50,88,98,0,0,3,3,0,0,2
31,88,88,88,88,80,80,80,50,88,98,0,0,3,3,0,0,2
32,88,88,88,88,80,80,80,50,88,98,0,0,3,3,0,0,2
33,88,88,88,88,80,80,80,50,88,98,0,0,3,3,0,0,2
34,88,88,88,88,80,80,80,50,88,98,0,0,3,3,0,0,2
35,88,88,88,88,80,80,80,50,88,98,0,0,3,3,0,0,2
36,88,88,88,88,80,80,80,50,88,98,0,0,3,3,0,0,2
37,88,88,88,88,80,80,80,50,88,98,0,0,3,3,0,0,2
38,88,88,88,88,80,80,80,50,88,98,0,0,3,3,0,0,2
39,88,88,88,88,80,80,80,50,88,98,0,0,3,3,0,0,2
40,88,88,88,88,80,80,80,50,88,98,0,0,3,3,0,0,2
41,88,88,88,88,80,80,80,50,88,98,0,0,3,3,0,0,2
42,88,88,88,88,80,80,80,50,88,98,0,0,3,3,0,0,2
43,88,88,88,88,80,80,80,50,88,98,0,0,3,3,0,0,2
44,88,88,88,88,80,80,80,50,88,98,0,0,3,3,0,0,2
45,88,88,88,88,80,80,80,50,88,98,0,0,3,3,0,0,2
46,88,88,88,88,80,80,80,50,88,98,0,0,3,3,0,0,2
47,88,88,88,88,80,80,80,50,88,98,0,0,3,3,0,0,2
48,88,88,88,88,80,80,80,50,88,98,0,0,3,3,0,0,2
49,88,88,88,88,80,80,80,50,88,98,0,0,3,3,0,0,2
50,88,88,88,88,80,80,80,50,88,98,0,0,3,3,0,0,2
51,88,88,88,88,80,80,80,50,88,98,0,0,3,3,0,0,2
52,88,88,88,88,80,80,80,50,88,98,0,0,3,3,0,0,2
53,88,88,88,88,80,80,80,50,88,98,0,0,3,3,0,0,2
54,88,88,88,88,80,80,80,50,88,98,0,0,3,3,0,0,2
55,88,88,88,88,80,80,80,50,88,98,0,0,3,3,0,0,2
56,88,88,88,88,80,80,80,50,88,98,0,0,3,3,0,0,2
57,88,88,88,88,80,80,80,50,88,98,0,0,3,3,0,0,2
58,88,88,88,88,80,80,80,50,88,98,0,0,3,3,0,0,2
59,88,88,88,88,80,80,80,50,88,98,0,0,3,3,0,0,2
60,88,88,88,88,80,80,80,50,88,98,0,0,3,3,0,0,2
61,88,88,88,88,80,80,80,50,88,98,0,0,3,3,0,0,2
62,88,88,88,88,80,80,80,50,88,98,0,0,3,3,0,0,2
63,88,88,88,88,80,80,80,50,88,98,0,0,3,3,0,0,2
64,88,88,88,88,80,80,80,50,88,98,0,0,3,3,0,0,2
65,88,88,88,88,80,80,80,50,88,98,0,0,3,3,0,0,2
66,88,88,88,88,80,80,80,50,88,98,0,0,3,3,0,0,2
67,88,88,88,88,80,80,80,50,88,98,0,0,3,3,0,0,2
68,88,88,88,88,80,80,80,50,88,98,0,0,3,3,0,0,2
69,88,88,88,88,80,80,80,50,88,98,0,0,3,3,0,0,2
70,88,88,88,88,80,80,80,50,88,98,0,0,3,3,0,0,2
71,88,88,88,88,80,80,80,50,88,98,0,0,3,3,0,0,2
72,88,88,88,88,80,80,80,50,88,98,0,0,3,3,0,0,2
73,88,88,88,88,80,80,80,50,88,98,0,0,3,3,0,0,2
74,88,88,88,88,80,80,80,50,88,98,0,0,3,3,0,0,2
75,88,88,88,88,80,80,80,50,88,98,0,0,3,3,0,0,2
76,88,88,88,88,80,80,80,50,88,98,0,0,3,3,0,0,2
77,88,88,88,88,80,80,80,50,88,98,0,0,3,3,0,0,2
78,88,88,88,88,80,80,80,50,88,98,0,0,3,3,0,0,2
79,88,88,88,88,80,80,80,50,88,98,0,0,3,3,0,0,2
80,88,88,88,88,80,80,80,50,88,98,0,0,3,3,0,0,2
81,88,88,88,88,80,80,80,50,88,98,0,0,3,3,0,0,2
82,88,88,88,88,80,80,80,50,88,98,0,0,3,3,0,0,2
83,88,88,88,88,80,80,80,50,88,98,0,0,3,3,0,0,2
84,88,88,88,88,80,80,80,50,88,98,0,0,3,3,0,0,2
85,88,88,88,88,80,80,80,50,88,98,0,0,3,3,0,0,2
86,88,88,88,88,80,80,80,50,88,98,0,0,3,3,0,0,2
87,88,88,88,88,80,80,80,50,88,98,0,0,3,3,0,0,2
88,88,88,88,88,80,80,80,50,88,98,0,0,3,3,0,0,2
89,88,88,88,88,80,80,80,50,88,98,0,0,3,3,0,0,2
90,88,88,88,88,80,80,80,50,88,98,0,0,3,3,0,0,2
91,88,88,88,88,80,80,80,50,88,98,0,0,3,3,0,0,2
92,88,88,88,88,80,80,80,50,88,98,0,0,3,3,0,0,2
93,88,88,88,88,80,80,80,50,88,98,0,0,3,3,0,0,2
94,88,88,88,88,80,80,80,50,88,98,0,0,3,3,0,0,2
95,88,88,88,88,80,80,80,50,88,98,0,0,3,3,0,0,2
96,88,88,88,88,80,80,80,50,88,98,0,0,3,3,0,0,2
97,88,88,88,88,80,80,80,50,88,98,0,0,3,3,0,0,2
98,88,88,88,88,80,80,80,50,88,98,0,0,3,3,0,0,2
99,88,88,88,88,80,80,80,50,88,98,0,0,3,3,0,0,2
100,88,88,88,88,80,80,80,50,88,98,0,0,3,3,0,0,2
101,88,88,88,88,80,80,80,50,88,98,0,0,3,3,0,0,2
102,88,88,88,88,80,80,80,50,88,98,0,0,3,3,0,0,2
103,88,88,88,88,80,80,80,50,88,98,0,0,3,3,0,0,2
104,88,88,88,88,80,80,80,50,88,98,0,0,3,3,0,0,2
105,88,88,88,88,80,80,80,50,88,98,0,0,3,3,0,0,2
106,88,88,88,88,80,80,80,50,88,98,0,0,3,3,0,0,2
107,88,88,88,88,80,80,80,50,88,98,0,0,3,3,0,0,2
108,88,88,88,88,80,80,80,50,88,98,0,0,3,3,0,0,2
109,88,88,88,88,80,80,80,50,88,98,0,0,3,3,0,0,2
110,88,88,88,88,80,80,80,50,88,98,0,0,3,3,0,0,2
111,88,88,88,88,80,80,80,50,88,98,0,0,3,3,0,0,2
112,88,88,88,88,80,80,80,50,88,98,0,0,3,3,0,0,2
113,88,88,88,88,80,80,80,50,88,98,0,0,3,3,0,0,2
114,88,88,88,88,80,80,80,50,88,98,0,0,3,3,0,0,2
115,88,88,88,88,80,80,80,50,88,98,0,0,3,3,0,0,2
116,88,88,88,88,80,80,80,50,88,98,0,0,3,3,0,0,2
117,88,88,88,88,80,80,80,50,88,98,0,0,3,3,0,0,2
118,88,88,88,88,80,80,80,50,88,98,0,0,3,3,0,0,2
119,88,88,88,88,80,80,80,50,88,98,0,0,3,3,0,0,2
120,88,88,88,88,80,80,80,50,88,98,0,0,3,3,0,0,2
121,88,88,88,88,80,80,80,50,88,98,0,0,3,3,0,0,2
122,88,88,88,88,80,80,80,50,88,98,0,0,3,3,0,0,2
123,88,88,88,88,80,80,80,50,88,98,0,0,3,3,0,0,2
124,88,88,88,88,80,80,80,50,88,98,0,0,3,3,0,0,2
125,88,88,88,88,80,80,80,50,88,98,0,0,3,3,0,0,2
126,88,88,88,88,80,80,80,50,88,98,0,0,3,3,0,0,2
127,88,88,88,88,80,80,80,50,88,98,0,0,3,3,0,0,2
128,88,88,88,88,80,80,80,50,88,98,0,0,3,3,0,0,2
129,88,88,88,88,80,80,80,50,88,98,0,0,3,3,0,0,2
130,88,88,88,88,80,80,80,50,88,98,0,0,3,3,0,0,2
131,88,88,88,88,80,80,80,50,88,98,0,0,3,3,0,0,2
132,88,88,88,88,80,80,80,50,88,98,0,0,3,3,0,0,2
133,88,88,88,88,80,80,80,50,88,98,0,0,3,3,0,0,2
134,88,88,88,88,80,80,80,50,88,98,0,0,3,3,0,0,2
135,88,88,88,88,80,80,80,50,88,98,0,0,3,3,0,0,2
136,88,88,88,88,80,80,80,50,88,98,0,0,3,3,0,0,2
137,88,88,88,88,80,80,80,50,88,98,0,0,3,3,0,0,2
138,88,88,88,88,80,80,80,50,88,98,0,0,3,3,0,0,2
139,88,88,88,88,80,80,80,50,88,98,0,0,3,3,0,0,2
140,88,88,88,88,80,80,80,50,88,98,0,0,3,3,0,0,2
141,88,88,88,88,80,80,80,50,88,98,0,0,3,3,0,0,2
142,88,88,88,88,80,80,80,50,88,98,0,0,3,3,0,0,2
143,88,88,88,88,80,80,80,50,88,98,0,0,3,3,0,0,2
144,88,88,88,88,80,80,80,50,88,98,0,0,3,3,0,0,2
145,88,88,88,88,80,80,80,50,88,98,0,0,3,3,0,0,2
146,88,88,88,88,80,80,80,50,88,98,0,0,3,3,0,0,2
147,88,88,88,88,80,80,80,50,88,98,0,0,3,3,0,0,2
148,88,88,88,88,80,80,80,50,88,98,0,0,3,3,0,0,2
149,88,88,88,88,80,80,80,50,88,98,0,0,3,3,0,0,2
150,88,88,88,88,80,80,80,50,88,98,0,0,3,3,0,0,2
151,88,88,88,88,80,80,80,50,88,98,0,0,3,3,0,0,2
152,88,88,88,88,80,80,80,50,88,98,0,0,3,3,0,0,2
153,88,88,88,88,80,80,80,50,88,98,0,0,3,3,0,0,2
154,88,88,88,88,80,80,80,50,88,98,0,0,3,3,0,0,2
155,88,88,88,88,80,80,80,50,88,98,0,0,3,3,0,0,2
156,88,88,88,88,80,80,80,50,88,98,0,0,3,3,0,0,2
157,88,88,88,88,80,80,80,50,88,98,0,0,3,3,0,0,2
158,88,88,88,88,80,80,80,50,88,98,0,0,3,3,0,0,2
159,88,88,88,88,80,80,80,50,88,98,0,0,3,3,0,0,2
160,88,88,88,88,80,80,80,50,88,98,0,0,3,3,0,0,2
161,88,88,88,88,80,80,80,50,88,98,0,0,3,3,0,0,2
162,88,88,88,88,80,80,80,50,88,98,0,0,3,3,0,0,2
163,88,88,88,88,80,80,80,50,88,98,0,0,3,3,0,0,2
164,88,88,88,88,80,80,80,50,88,98,0,0,3,3,0,0,2
165,88,88,88,88,80,80,80,50,88,98,0,0,3,3,0,0,2
166,88,88,88,88,80,80,80,50,88,98,0,0,3,3,0,0,2
167,88,88,88,88,80,80,80,50,88,98,0,0,3,3,0,0,2
168,88,88,88,88,80,80,80,50,88,98,0,0,3,3,0,0,2
169,88,88,88,88,80,80,80,50,88,98,0,0,3,3,0,0,2
170,88,88,88,88,80,80,80,50,88,98,0,0,3,3,0,0,2
171,88,88,88,88,80,80,80,50,88,98,0,0,3,3,0,0,2
172,88,88,88,88,80,80,80,50,88,98,0,0,3,3,0,0,2
173,88,88,88,88,80,80,80,50,88,98,0,0,3,3,0,0,2
174,88,88,88,88,80,80,80,50,88,98,0,0,3,3,0,0,2
175,88,88,88,88,80,80,80,50,88,98,0,0,3,3,0,0,2
176,88,88,88,88,80,80,80,50,88,98,0,0,3,3,0,0,2
177,88,88,88,88,80,80,80,50,88,98,0,0,3,3,0,0,2
178,88,88,88,88,80,80,80,50,88,98,0,0,3,3,0,0,2
179,88,88,88,88,80,80,80,50,88,98,0,0,3,3,0,0,2
180,88,88,88,88,80,80,80,50,88,98,0,0,3,3,0,0,2
181,88,88,88,88,80,80,80,50,88,98,0,0,3,3,0,0,2
182,88,88,88,88,80,80,80,50,88,98,0,0,3,3,0,0,2
183,88,88,88,88,80,80,80,50,88,98,0,0,3,3,0,0,2
184,88,88,88,88,80,80,80,50,88,98,0,0,3,3,0,0,2
185,88,88,88,88,80,80,80,50,88,98,0,0,3,3,0,0,2
186,88,88,88,88,80,80,80,50,88,98,0,0,3,3,0,0,2
187,88,88,88,88,80,80,80,50,88,98,0,0,3,3,0,0,2
188,88,88,88,88,80,80,80,50,88,98,0,0,3,3,0,0,2
189,88,88,88,88,80,80,80,50,88,98,0,0,3,3,0,0,2
190,88,88,88,88,80,80,80,50,88,98,0,0,3,3,0,0,2
191,88,88,88,88,80,80,80,50,88,98,0,0,3,3,0,0,2
192,88,88,88,88,80,80,80,50,88,98,0,0,3,3,0,0,2
193,88,88,88,88,80,80,80,50,88,98,0,0,3,3,0,0,2
194,88,88,88,88,80,80,80,50,88,98,0,0,3,3,0,0,2
195,88,88,88,88,80,80,80,50,88,98,0,0,3,3,0,0,2
196,88,88,88,88,80,80,80,50,88,98,0,0,3,3,0,0,2
197,88,88,88,88,80,80,80,50,88,98,0,0,3,3,0,0,2
198,88,88,88,88,80,80,80,50,88,98,0,0,3,3,0,0,2
199,88,88,88,88,80,80,80,50,88,98,0,0,3,3,0,0,2
200,88,88,88,88,80,80,80,50,88,98,0,0,3,3,0,0,2
201,88,88,88,88,80,80,80,50,88,98,0,0,3,3,0,0,2
202,88,88,88,88,80,80,80,50,88,98,0,0,3,3,0,0,2
203,88,88,88,88,80,80,80,50,88,98,0,0,3,3,0,0,2
204,88,88,88,88,80,80,80,50,88,98,0,0,3,3,0,0,2
205,88,88,88,88,80,80,80,50,88,98,0,0,3,3,0,0,2
206,88,88,88,88,80,80,80,50,88,98,0,0,3,3,0,0,2
207,88,88,88,88,80,80,80,50,88,98,0,0,3,3,0,0,2
208,88,88,88,88,80,80,80,50,88,98,0,0,3,3,0,0,2
209,88,88,88,88,80,80,80,50,88,98,0,0,3,3,0,0,2
210,88,88,88,88,80,80,80,50,88,98,0,0,3,3,0,0,2
211,88,88,88,88,80,80,80,50,88,98,0,0,3,3,0,0,2
212,88,88,88,88,80,80,80,50,88,98,0,0,3,3,0,0,2
213,88,88,88,88,80,80,80,50,88,98,0,0,3,3,0,0,2
214,88,88,88,88,80,80,80,50,88,98,0,0,3,3,0,0,2
215,88,88,88,88,80,80,80,50,88,98,0,0,3,3,0,0,2
216,88,88,88,88,80,80,80,50,88,98,0,0,3,3,0,0,2
217,88,88,88,88,80,80,80,50,88,98,0,0,3,3,0,0,2
218,88,88,88,88,80,80,80,50,88,98,0,0,3,3,0,0,2
219,88,88,88,88,80,80,80,50,88,98,0,0,3,3,0,0,2
220,88,88,88,88,80,80,80,50,88,98,0,0,3,3,0,0,2
221,88,88,88,88,80,80,80,50,88,98,0,0,3,3,0,0,2
222,88,88,88,88,80,80,80,50,88,98,0,0,3,3,0,0,2
223,88,88,88,88,80,80,80,50,88,98,0,0,3,3,0,0,2
224,88,88,88,88,80,80,80,50,88,98,0,0,3,3,0,0,2
225,88,88,88,88,80,80,80,50,88,98,0,0,3,3,0,0,2
226,88,88,88,88,80,80,80,50,88,98,0,0,3,3,0,0,2
227,88,88,88,88,80,80,80,50,88,98,0,0,3,3,0,0,2
228,88,88,88,88,80,80,80,50,88,98,0,0,3,3,0,0,2
229,88,88,88,88,80,80,80,50,88,98,0,0,3,3,0,0,2
230,88,88,88,88,80,80,80,50,88,98,0,0,3,3,0,0,2
231,88,88,88,88,80,80,80,50,88,98,0,0,3,3,0,0,2
232,88,88,88,88,80,80,80,50,88,98,0,0,3,3,0,0,2
233,88,88,88,88,80,80,80,50,88,98,0,0,3,3,0,0,2
234,88,88,88,88,80,80,80,50,88,98,0,0,3,3,0,0,2
235,88,88,88,88,80,80,80,50,88,98,0,0,3,3,0,0,2
236,88,88,88,88,80,80,80,50,88,98,0,0,3,3,0,0,2
237,88,88,88,88,80,80,80,50,88,98,0,0,3,3,0,0,2
238,88,88,88,88,80,80,80,50,88,98,0,0,3,3,0,0,2
239,88,88,88,88,80,80,80,50,88,98,0,0,3,3,0,0,2
240,88,88,88,88,80,80,80,50,88,98,0,0,3,3,0,0,2
241,88,88,88,88,80,80,80,50,88,98,0,0,3,3,0,0,2
242,88,88,88,88,80,80,80,50,88,98,0,0,3,3,0,0,2
243,88,88,88,88,80,80,80,50,88,98,0,0,3,3,0,0,2
244,88,88,88,88,80,80,80,50,88,98,0,0,3,3,0,0,2
245,88,88,88,88,80,80,80,50,88,98,0,0,3,3,0,0,2
246,88,88,88,88,80,80,80,50,88,98,0,0,3,3,0,0,2
247,88,88,88,88,80,80,80,50,88,98,0,0,3,3,0,0,2
248,88,88,88,88,80,80,80,50,88,98,0,0,3,3,0,0,2
249,88,88,88,88,80,80,80,50,88,98,0,0,3,3,0,0,2
250,88,88,88,88,80,80,80,50,88,98,0,0,3,3,0,0,2
251,88,88,88,88,80,80,80,50,88,98,0,0,3,3,0,0,2
252,88,88,88,88,80,80,80,50,88,98,0,0,3,3,0,0,2
253,88,88,88,88,80,80,80,50,88,98,0,0,3,3,0,0,2
254,88,88,88,88,80,80,80,50,88,98,0,0,3,3,0,0,2
255,88,88,88,88,80,80,80,50,88,98,0,0,3,3,0,0,2
256,88,88,88,88,80,80,80,50,88,98,0,0,3,3,0,0,2
257,88,88,88,88,80,80,80,50,88,98,0,0,3,3,0,0,2
258,88,88,88,88,80,80,80,50,88,98,0,0,3,3,0,0,2
259,88,88,88,88,80,80,80,50,88,98,0,0,3,3,0,0,2
260,88,88,88,88,80,80,80,50,88,98,0,0,3,3,0,0,2
261,88,88,88,88,80,80,80,50,88,98,0,0,3,3,0,0,2
262,88,88,88,88,80,80,80,50,88,98,0,0,3,3,0,0,2
263,88,88,88,88,80,80,80,50,88,98,0,0,3,3,0,0,2
264,88,88,88,88,80,80,80,50,88,98,0,0,3,3,0,0,2
265,88,88,88,88,80,80,80,50,86,98,0,0,3,3,0,0,2
266,89,90,89,86,80,80,80,50,86,98,0,0,3,3,0,0,2
267,89,90,89,86,80,80,80,50,85,98,0,0,3,3,0,0,2
268,91,91,91,85,80,80,80,50,85,98,0,0,3,3,0,0,2
269,91,91,91,85,80,80,80,50,83,98,0,0,3,3,1,10,2
270,92,93,92,84,80,80,80,50,83,98,0,0,3,3,1,10,2
271,92,93,92,84,80,80,80,50,82,98,0,0,3,3,1,10,2
272,94,94,93,83,80,79,80,50,82,98,0,0,3,3,1,10,2
273,94,94,93,83,80,79,80,50,81,98,0,0,3,3,1,10,2
274,94,94,94,81,79,77,80,50,81,98,0,0,3,3,1,10,2
275,94,94,94,81,79,77,80,50,80,98,0,0,3,3,1,10,2
276,94,94,94,80,77,76,78,50,80,98,0,0,3,3,1,10,2
277,94,94,94,80,77,76,78,50,79,98,0,0,3,3,1,10,2
278,94,94,94,78,76,74,77,50,79,98,0,0,3,3,1,10,2
279,94,94,94,78,76,74,77,50,78,98,0,0,3,3,1,10,2
280,94,94,94,78,76,74,77,50,78,98,0,0,3,3,1,10,2
281,94,94,94,78,76,74,77,50,76,98,0,0,3,3,1,10,2
282,94,94,94,76,75,72,76,50,76,98,0,0,3,3,1,10,2
283,94,94,94,76,75,72,76,50,75,98,0,0,3,3,2,20,2
284,94,94,94,75,73,71,74,50,75,98,0,0,3,3,2,20,2
285,94,94,94,75,73,71,74,50,74,98,0,0,3,3,2,20,2
286,94,94,94,74,72,69,73,50,74,98,0,0,3,3,2,20,2
287,94,94,94,74,72,69,73,50,73,98,0,0,3,3,2,20,2
288,94,94,94,73,70,67,72,50,73,98,0,0,3,3,2,20,2
289,94,94,94,73,70,67,72,50,72,98,0,0,3,3,2,20,2
290,94,93,94,71,69,66,71,50,72,98,0,0,3,3,2,20,2
291,94,93,94,71,69,66,71,50,71,98,0,0,3,3,2,20,2
292,94,92,94,70,67,66,69,50,71,98,0,0,3,3,2,20,2
293,94,92,94,70,67,66,69,50,69,98,0,0,3,3,2,20,2
294,94,90,94,68,66,66,68,50,69,98,0,0,3,3,2,20,2
295,94,90,94,68,66,66,68,50,68,98,0,0,3,3,2,20,2
296,92,89,94,67,66,66,67,50,68,98,0,0,3,3,2,20,2
297,92,89,94,67,66,66,67,50,66,98,0,0,3,3,3,30,2
298,91,87,94,65,66,66,66,50,66,98,0,0,3,3,3,30,2
299,91,87,94,65,66,66,66,50,65,98,0,0,3,3,3,30,2
300,89,86,92,64,66,66,66,50,65,98,0,0,3,3,3,30,2
301,89,86,92,64,66,66,66,50,64,98,0,0,3,3,3,30,2
302,88,85,91,63,66,66,66,50,64,98,0,0,3,3,3,30,2
303,88,85,91,63,66,66,66,50,63,98,0,0,3,3,3,30,2
304,88,83,90,62,64,66,66,50,63,98,0,0,3,3,3,30,2
305,88,83,90,62,64,66,66,50,62,98,0,0,3,3,3,30,2
306,88,82,89,60,63,66,66,50,62,98,0,0,3,3,3,30,2
307,88,82,89,60,63,66,66,50,61,98,0,0,3,3,3,30,2
308,88,82,87,59,61,67,66,50,61,98,0,0,3,3,3,30,2
309,88,82,87,59,61,67,66,50,59,98,0,0,3,3,4,40,2
310,88,82,85,57,60,68,66,50,59,98,0,0,3,3,4,40,2
311,88,82,85,57,60,68,66,50,58,98,0,0,3,3,4,40,2
312,88,82,85,57,60,68,66,50,58,98,0,0,3,3,4,40,2
313,88,82,85,57,60,68,66,50,57,98,0,0,3,3,4,40,2
314,88,82,83,55,59,69,66,50,57,98,0,0,3,3,4,40,2
315,88,82,83,55,59,69,66,50,56,98,0,0,3,3,4,40,2
316,88,82,82,54,57,70,67,50,56,98,0,0,3,3,4,40,2
317,88,82,82,54,57,70,67,50,55,98,0,0,3,3,4,40,2
318,88,82,82,53,56,71,69,50,55,98,0,0,3,3,4,40,2
319,88,82,82,53,56,71,69,50,54,98,0,0,3,3,4,40,2
320,88,82,82,52,54,73,70,50,54,98,0,0,3,3,4,40,2
321,88,82,82,52,54,73,70,50,52,98,0,0,3,3,4,40,2
322,88,82,82,50,53,74,72,50,52,98,0,0,3,3,4,40,2
323,88,82,82,50,53,74,72,50,51,98,0,0,3,3,5,50,2
324,88,82,82,49,51,75,74,50,51,98,0,0,3,3,5,50,2
325,88,82,82,49,51,75,74,50,50,98,0,0,3,3,5,50,2
326,88,82,82,47,50,76,76,50,50,98,0,0,3,3,5,50,2
327,88,82,82,47,50,76,76,50,49,98,0,0,3,3,5,50,2
328,89,82,82,46,50,77,77,50,49,98,0,0,3,3,5,50,2
329,89,82,82,46,50,77,77,50,48,98,0,0,3,3,5,50,2
330,90,82,82,44,50,78,79,50,48,98,0,0,3,3,5,50,2
331,90,82,82,44,50,78,79,50,47,98,0,0,3,3,5,50,2
332,91,82,83,43,50,79,80,50,47,98,0,0,3,3,5,50,2
333,91,82,83,43,50,79,80,50,45,98,0,0,3,3,5,50,2
334,92,82,85,42,50,80,80,50,45,98,0,0,3,3,5,50,2
335,92,82,85,42,50,80,80,50,44,98,0,0,3,3,5,50,2
336,93,84,86,42,50,80,80,48,44,98,0,0,3,3,5,50,2
337,93,84,86,42,50,80,80,48,42,98,0,0,3,3,6,60,2
338,94,85,88,42,50,80,80,46,42,98,0,0,3,3,6,60,2
339,94,85,88,42,50,80,80,46,42,100,0,0,3,2,6,60,2
340,95,86,90,42,50,80,80,44,42,100,0,0,3,2,6,60,2
341,95,86,90,42,50,80,80,44,42,101,0,0,3,2,6,60,2
342,96,87,92,42,50,80,80,42,42,101,0,0,3,2,6,60,2
343,96,87,92,42,50,80,80,42,42,103,0,0,3,2,6,60,2
344,96,87,92,42,50,80,80,42,42,103,0,0,3,2,6,60,2
345,96,87,92,42,50,80,80,42,42,104,0,0,3,2,6,60,2
346,97,88,94,42,50,80,80,40,42,104,0,0,3,2,6,60,2
347,97,88,94,42,50,80,80,40,42,106,0,0,3,2,7,70,2
348,98,89,94,42,50,80,78,38,42,106,0,0,3,2,7,70,2
349,98,89,94,42,50,80,78,38,42,107,0,0,3,2,7,70,2
350,99,90,94,42,50,80,76,37,42,107,0,0,3,2,7,70,2
351,99,90,94,42,50,80,76,37,42,109,0,0,3,2,7,70,2
352,100,92,94,42,50,80,75,35,42,109,0,0,3,2,7,70,2
353,100,92,94,42,50,80,75,35,42,110,0,0,3,2,7,70,2
354,101,93,94,42,50,80,73,33,42,110,0,0,3,2,7,70,2
355,101,93,94,42,50,80,73,33,42,112,0,0,3,2,7,70,2
356,102,94,94,42,50,80,71,31,42,112,0,0,3,2,7,70,2
357,102,94,94,42,50,80,71,31,42,114,0,0,3,2,7,70,2
358,103,94,94,42,50,79,69,29,42,114,0,0,3,2,7,70,2
359,103,94,94,42,50,79,69,29,42,116,0,0,3,2,7,70,2
360,104,94,94,42,50,78,68,27,42,116,0,0,3,2,7,70,2
361,104,94,94,42,50,78,68,27,42,118,0,0,3,2,8,80,2
362,105,94,94,41,50,77,66,26,42,118,0,0,3,2,8,80,2
363,105,94,94,41,50,77,66,26,42,120,0,0,3,2,8,80,2
364,106,94,92,40,50,76,66,26,42,120,0,0,3,2,8,80,2
365,106,94,92,40,50,76,66,26,42,121,0,0,3,2,8,80,2
366,107,94,90,39,50,75,66,26,42,121,0,0,3,2,8,80,2
367,107,94,90,39,50,75,66,26,42,123,0,0,3,2,8,80,2
368,108,94,89,38,50,73,66,26,42,123,0,0,3,2,8,80,2
369,108,94,89,38,50,73,66,26,42,124,0,0,3,2,8,80,2
370,109,94,87,36,50,72,66,26,42,124,0,0,3,2,8,80,2
371,109,94,87,36,50,72,66,26,42,126,0,0,3,2,8,80,2
372,110,94,85,35,50,71,66,26,42,126,0,0,3,2,8,80,2
373,110,94,85,35,50,71,66,26,42,128,0,0,3,2,8,80,2
374,110,94,84,33,50,70,66,26,42,128,0,0,3,2,8,80,2
375,110,94,84,33,50,70,66,26,42,130,0,0,3,2,9,90,2
376,110,94,84,33,50,70,66,26,42,130,0,0,3,2,9,90,2
377,110,94,84,33,50,70,66,26,42,131,0,0,3,2,9,90,2
378,110,94,83,31,51,69,66,26,42,131,0,0,3,2,9,90,2
379,110,94,83,31,51,69,66,26,42,133,0,0,3,2,9,90,2
380,110,94,82,30,53,68,67,26,42,133,0,0,3,2,9,90,2
381,110,94,82,30,53,68,67,26,42,134,0,0,3,2,9,90,2
382,110,94,82,29,54,67,68,26,42,134,0,0,3,2,9,90,2
383,110,94,82,29,54,67,68,26,42,136,0,0,3,2,9,90,2
384,110,93,82,28,56,66,69,26,42,136,0,0,3,2,9,90,2
385,110,93,82,28,56,66,69,26,42,138,0,0,3,2,9,90,2
386,110,92,82,26,57,66,70,26,42,138,0,0,3,2,9,90,2
387,110,92,82,26,57,66,70,26,42,140,0,0,3,2,9,90,2
388,110,91,82,25,59,66,72,26,42,140,0,0,3,2,9,90,2
389,110,91,82,25,59,66,72,26,42,142,0,0,3,2,10,90,2
390,110,90,82,23,60,66,73,26,42,142,0,0,3,2,10,90,2
391,110,90,82,23,60,66,73,26,42,144,0,0,3,2,10,90,2
392,110,89,82,22,62,66,74,26,42,144,0,0,3,2,10,90,2
393,110,89,82,22,62,66,74,26,42,145,0,0,3,2,10,90,2
394,110,88,82,20,63,66,75,26,42,145,0,0,3,2,10,90,2
395,110,88,82,20,63,66,75,26,42,147,0,0,3,2,10,90,2
396,110,87,82,19,65,66,77,26,42,147,0,0,3,2,10,90,2
397,110,87,82,19,65,66,77,26,42,148,0,0,3,2,10,90,2
398,110,85,82,18,66,66,78,26,42,148,0,0,3,2,10,90,2
399,110,85,82,18,66,66,78,26,42,150,0,0,3,2,10,90,2
400,110,83,82,18,68,66,79,24,42,150,0,0,3,2,10,90,2
401,110,83,82,18,68,66,79,24,42,152,0,0,3,2,10,90,2
402,110,82,82,18,69,67,80,22,42,152,0,0,3,2,10,90,2
403,110,82,82,18,69,67,80,22,42,154,0,0,3,2,11,100,2
404,110,82,84,18,71,68,80,20,42,154,0,0,3,2,11,100,2
405,110,82,84,18,71,68,80,20,42,155,0,0,3,2,11,100,2
406,110,82,85,18,72,70,80,18,42,155,0,0,3,2,11,100,2
407,110,82,85,18,72,70,80,18,42,157,0,0,3,2,11,100,2
408,110,82,85,18,72,70,80,18,42,157,0,0,3,2,11,100,2
409,110,82,85,18,72,70,80,18,42,158,0,0,3,2,11,100,2
410,110,82,86,18,73,72,80,16,42,158,0,0,3,2,11,100,2
411,110,82,86,18,73,72,80,16,41,158,0,0,3,3,11,100,2
412,110,82,88,18,75,73,80,14,41,158,0,0,3,3,11,100,2
413,110,82,88,18,75,73,80,14,39,158,0,0,3,3,11,100,2
414,110,82,89,18,76,75,80,13,39,158,0,0,3,3,11,100,2
415,110,82,89,18,76,75,80,13,38,158,0,0,3,3,11,100,2
416,110,82,90,18,78,77,80,11,38,158,0,0,3,3,11,100,2
417,110,82,90,18,78,77,80,11,36,158,0,0,3,3,11,100,2
418,110,82,91,18,79,79,80,9,36,158,0,0,3,3,11,100,2
419,110,82,91,18,79,79,80,9,35,158,0,0,3,3,12,110,2
420,110,82,93,18,81,80,80,7,35,158,0,0,3,3,12,110,2
421,110,82,93,18,81,80,80,7,34,158,0,0,3,3,12,110,2
422,110,84,94,18,82,80,80,5,34,158,0,0,3,3,12,110,2
423,110,84,94,18,82,80,80,5,33,158,0,0,3,3,12,110,2
424,110,85,94,18,84,80,79,3,33,158,0,0,3,3,12,110,2
425,110,85,94,18,84,80,79,3,32,158,0,0,3,3,12,110,2
426,110,87,94,19,85,80,78,2,32,158,0,0,3,3,12,110,2
427,110,87,94,19,85,80,78,2,31,158,0,0,3,3,12,110,2
428,110,88,94,20,87,80,76,2,31,158,0,0,3,3,12,110,2
429,110,88,94,20,87,80,76,2,29,158,0,0,3,3,12,110,2
430,110,90,94,21,88,80,75,2,29,158,0,0,3,3,12,110,2
431,110,90,94,21,88,80,75,2,28,158,0,0,3,3,12,110,2
432,110,92,94,22,90,80,74,2,28,158,0,0,3,3,12,110,2
433,110,92,94,22,90,80,74,2,26,158,0,0,3,3,13,120,2
434,110,94,94,24,91,80,73,2,26,158,0,0,3,3,13,120,2
435,110,94,94,24,91,80,73,2,25,158,0,0,3,3,13,120,2
436,110,94,94,25,93,79,71,2,25,158,0,0,3,3,13,120,2
437,110,94,94,25,93,79,71,2,24,158,0,0,3,3,13,120,2
438,110,94,94,27,94,77,70,2,24,158,0,0,3,3,13,120,2
439,110,94,94,27,94,77,70,2,23,158,0,0,3,3,13,120,2
440,110,94,94,27,94,77,70,2,23,158,0,0,3,3,13,120,2
441,110,94,94,27,94,77,70,2,22,158,0,0,3,3,13,120,2
442,110,94,94,29,95,75,69,2,22,158,0,0,3,3,13,120,2
443,110,94,94,29,95,75,69,2,21,158,0,0,3,3,13,120,2
444,110,94,94,30,97,74,67,2,21,158,0,0,3,3,13,120,2
445,110,94,94,30,97,74,67,2,19,158,0,0,3,3,14,130,2
446,110,94,94,31,98,72,66,2,19,158,0,0,3,3,14,130,2
447,110,94,94,31,98,72,66,2,18,158,0,0,3,3,14,130,2
448,111,94,93,32,98,70,66,2,18,158,0,0,3,3,14,130,2
449,111,94,93,32,98,70,66,2,18,157,0,0,3,0,14,130,2
450,112,94,92,34,98,68,66,2,18,157,0,0,3,0,14,130,2
451,112,94,92,34,98,68,66,2,18,155,0,0,3,0,14,130,2
452,113,94,90,35,98,67,66,2,18,155,0,0,3,0,14,130,2
453,113,94,90,35,98,67,66,2,18,154,0,0,3,0,14,130,2
454,114,93,89,37,98,66,66,2,18,154,0,0,3,0,14,130,2
455,114,93,89,37,98,66,66,2,18,152,0,0,3,0,14,130,2
456,115,92,88,38,98,66,66,2,18,152,0,0,3,0,14,130,2
457,115,92,88,38,98,66,66,2,18,150,0,0,3,0,14,130,2
458,116,90,86,40,98,66,66,2,18,150,0,0,3,0,14,130,2
459,116,90,86,40,98,66,66,2,18,148,0,0,3,0,14,130,2
460,117,89,84,41,98,66,66,2,18,148,0,0,3,0,14,130,2
461,117,89,84,41,98,66,66,2,18,146,0,0,3,0,14,130,2
462,118,88,82,42,98,65,66,2,18,146,0,0,3,0,14,130,2
463,118,88,82,42,98,65,66,2,18,144,0,0,3,0,14,130,2
464,118,88,82,42,98,63,67,4,18,144,0,0,3,0,14,130,2
465,118,88,82,42,98,63,67,4,18,142,0,0,3,0,14,130,2
466,119,88,82,42,98,61,69,6,18,142,0,0,3,0,14,130,2
467,119,88,82,42,98,61,69,6,18,140,0,0,3,0,15,180,2
468,118,88,82,42,98,60,70,5,18,140,0,0,3,0,15,180,2
469,118,88,82,42,98,60,70,5,18,138,0,0,3,0,15,180,2
470,117,88,82,42,98,59,71,4,18,138,0,0,3,0,15,180,2
471,117,88,82,42,98,59,71,4,18,136,0,0,3,0,15,180,2
472,117,88,82,42,98,59,71,4,18,136,0,0,3,0,15,180,2
473,117,88,82,42,98,59,71,4,18,134,0,0,3,0,16,180,2
474,117,88,82,42,98,58,72,3,18,134,0,0,3,0,16,180,2
475,117,88,82,42,98,58,72,3,18,132,0,0,3,0,16,180,2
476,116,88,82,42,98,57,73,2,18,132,0,0,3,0,16,180,2
477,116,88,82,42,98,57,73,2,18,131,0,0,3,0,16,180,2
478,115,88,82,41,98,56,74,2,18,131,0,0,3,0,16,180,2
479,115,88,82,41,98,56,74,2,18,129,0,0,3,0,16,180,2
480,114,88,82,40,98,55,75,2,18,129,0,0,3,0,16,180,2
481,114,88,82,40,98,55,75,2,18,128,0,0,3,0,16,180,2
482,114,88,82,40,98,54,76,2,18,128,0,0,3,0,16,180,2
483,114,88,82,40,98,54,76,2,18,126,0,0,3,0,16,180,2
484,113,88,82,39,98,53,77,2,18,126,0,0,3,0,16,180,2
485,113,88,82,39,98,53,77,2,18,124,0,0,3,0,16,180,2
486,112,88,82,38,98,52,78,2,18,124,0,0,3,0,16,180,2
487,112,88,82,38,98,52,78,2,18,122,0,0,3,0,17,190,2
488,111,88,82,37,98,51,79,2,18,122,0,0,3,0,17,190,2
489,111,88,82,37,98,51,79,2,19,122,0,0,3,1,17,190,2
490,111,88,82,37,98,50,80,2,19,122,0,0,3,1,17,190,2
491,111,88,82,37,98,50,80,2,20,122,0,0,3,1,17,190,2
492,110,89,83,36,98,50,80,2,20,122,0,0,3,1,17,190,2
493,110,89,83,36,98,50,80,2,21,122,0,0,3,1,17,190,2
494,109,90,84,35,98,50,80,2,21,122,0,0,3,1,17,190,2
495,109,90,84,35,98,50,80,2,22,122,0,0,3,1,17,190,2
496,108,91,85,34,98,50,80,2,22,122,0,0,3,1,17,190,2
497,108,91,85,34,98,50,80,2,24,122,0,0,3,1,18,200,2
498,108,91,86,34,98,50,80,2,24,122,0,0,3,1,18,200,2
499,108,91,86,34,98,50,80,2,25,122,0,0,3,1,18,200,2
500,107,92,87,33,98,50,80,2,25,122,0,0,3,1,18,200,2
501,107,92,87,33,98,50,80,2,26,122,0,0,3,1,18,200,2
502,106,93,88,32,98,50,80,2,26,122,0,0,3,1,18,200,2
503,106,93,88,32,98,50,80,2,27,122,0,0,3,1,18,200,2
504,106,93,88,32,98,50,80,2,27,122,0,0,3,1,18,200,2
505,106,93,88,32,98,50,80,2,28,122,0,0,3,1,18,200,2
506,106,93,89,32,98,50,80,2,28,122,0,0,3,1,18,200,2
507,106,93,89,32,98,50,80,2,29,122,0,0,3,1,18,200,2
508,105,94,90,31,98,50,80,2,29,122,0,0,3,1,18,200,2
509,105,94,90,31,98,50,80,2,31,122,0,0,3,1,18,200,2
510,104,95,91,30,98,50,80,2,31,122,0,0,3,1,18,200,2
511,104,95,91,30,98,50,80,2,30,122,0,0,3,3,18,200,2
512,103,96,92,29,98,50,80,2,30,122,0,0,3,3,18,200,2
513,103,96,92,29,98,50,80,2,28,122,0,0,3,3,18,200,2
514,103,96,93,29,98,50,80,2,28,122,0,0,3,3,18,200,2
515,103,96,93,29,98,50,80,2,27,122,0,0,3,3,18,200,2
516,102,97,94,28,98,50,80,2,27,122,0,0,3,3,18,200,2
517,102,97,94,28,98,50,80,2,25,122,0,0,3,3,18,200,2
518,101,98,94,27,98,50,79,2,25,122,0,0,3,3,18,200,2
519,101,98,94,27,98,50,79,2,24,122,0,0,3,3,18,200,2
520,100,99,94,26,98,50,78,2,24,122,0,0,3,3,18,200,2
521,100,99,94,26,98,50,78,2,22,122,0,0,3,3,18,200,2
522,100,99,94,26,98,50,77,2,22,122,0,0,3,3,18,200,2
523,100,99,94,26,98,50,77,2,21,122,0,0,3,3,18,200,2
524,99,100,94,25,98,50,76,2,21,122,0,0,3,3,18,200,2
525,99,100,94,25,98,50,76,2,23,122,0,0,3,1,18,200,2
526,98,101,94,24,98,50,75,2,23,122,0,0,3,1,18,200,2
527,98,101,94,24,98,50,75,2,24,122,0,0,3,1,18,200,2
528,97,102,94,23,98,50,74,2,24,122,0,0,3,1,18,200,2
529,97,102,94,23,98,50,74,2,26,122,0,0,3,1,18,200,2
530,97,102,94,23,98,50,73,2,26,122,0,0,3,1,18,200,2
531,97,102,94,23,98,50,73,2,27,122,0,0,3,1,18,200,2
532,96,103,94,22,98,50,72,2,27,122,0,0,3,1,18,200,2
533,96,103,94,22,98,50,72,2,29,122,0,0,3,1,18,200,2
534,95,104,94,21,98,50,71,2,29,122,0,0,3,1,18,200,2
535,95,104,94,21,98,50,71,2,30,122,0,0,3,1,18,200,2
536,95,104,94,21,98,50,71,2,30,122,0,0,3,1,18,200,2
537,95,104,94,21,98,50,71,2,32,122,0,0,3,1,19,210,2
538,95,104,94,21,98,50,70,2,32,122,0,0,3,1,19,210,2
539,95,104,94,21,98,50,70,2,33,122,0,0,3,1,19,210,2
540,94,105,94,20,98,50,69,2,33,122,0,0,3,1,19,210,2
541,94,105,94,20,98,50,69,2,34,122,0,0,3,1,19,210,2
542,93,106,94,19,98,50,68,2,34,122,0,0,3,1,19,210,2
543,93,106,94,19,98,50,68,2,35,122,0,0,3,1,19,210,2
544,92,107,94,18,98,50,67,2,35,122,0,0,3,1,19,210,2
545,92,107,94,18,98,50,67,2,34,122,0,0,3,3,19,210,2
546,92,107,94,18,98,50,66,2,34,122,0,0,3,3,19,210,2
547,92,107,94,18,98,50,66,2,33,122,0,0,3,3,19,210,2
548,91,108,93,18,98,50,66,3,33,122,0,0,3,3,19,210,2
549,91,108,93,18,98,50,66,3,31,122,0,0,3,3,19,210,2
550,90,109,92,18,98,50,66,4,31,122,0,0,3,3,19,210,2
551,90,109,92,18,98,50,66,4,30,122,0,0,3,3,19,210,2
552,89,110,91,18,98,50,66,5,30,122,0,0,3,3,19,210,2
553,89,110,91,18,98,50,66,5,28,122,0,0,3,3,19,210,2
554,89,110,90,18,98,50,66,6,28,122,0,0,3,3,19,210,2
555,89,110,90,18,98,50,66,6,27,122,0,0,3,3,19,210,2
556,88,111,89,18,98,50,66,7,27,122,0,0,3,3,19,210,2
557,88,111,89,18,98,50,66,7,26,121,0,0,3,0,19,210,2
558,87,112,88,18,98,50,66,8,26,121,0,0,3,0,19,210,2
559,87,112,88,18,98,50,66,8,26,119,0,0,3,0,19,210,2
560,86,113,88,18,98,50,65,9,26,119,0,0,3,0,19,210,2
561,86,113,88,18,98,50,65,9,26,117,0,0,3,0,19,210,2
562,86,113,88,18,98,50,64,10,26,117,0,0,3,0,19,210,2
563,86,113,88,18,98,50,64,10,26,115,0,0,3,0,19,210,2
564,85,114,88,18,98,50,63,11,26,115,0,0,3,0,19,210,2
565,85,114,88,18,98,50,63,11,26,113,0,0,3,0,19,210,2
566,84,115,88,18,98,50,62,12,26,113,0,0,3,0,19,210,2
567,84,115,88,18,98,50,62,12,26,111,0,0,3,0,19,210,2
568,84,115,88,18,98,50,62,12,26,111,0,0,3,0,19,210,2
569,84,115,88,18,98,50,62,12,26,109,0,0,3,0,20,220,2
570,84,115,88,18,98,50,61,13,26,109,0,0,3,0,20,220,2
571,84,115,88,18,98,50,61,13,26,107,0,0,3,0,20,220,2
572,83,116,88,18,98,50,60,14,26,107,0,0,3,0,20,220,2
573,83,116,88,18,98,50,60,14,26,106,0,0,3,0,20,220,2
574,82,117,88,18,98,50,59,15,26,106,0,0,3,0,20,220,2
575,82,117,88,18,98,50,59,15,26,104,0,0,3,0,20,220,2
576,81,118,88,18,98,50,58,16,26,104,0,0,3,0,20,220,2
577,81,118,88,18,98,50,58,16,26,103,0,0,3,0,20,220,2
578,81,118,88,18,98,50,57,17,26,103,0,0,3,0,20,220,2
579,81,118,88,18,98,50,57,17,26,101,0,0,3,0,20,220,2
580,80,119,88,18,98,50,56,18,26,101,0,0,3,0,20,220,2
581,80,119,88,18,98,50,56,18,26,99,0,0,3,0,20,220,2
582,79,120,88,18,98,50,55,19,26,99,0,0,3,0,20,220,2
583,79,120,88,18,98,50,55,19,25,98,0,0,3,3,21,230,2
584,78,121,88,18,98,50,54,20,25,98,0,0,3,3,21,230,2
585,78,121,88,18,98,50,54,20,24,98,0,0,3,3,21,230,2
586,78,121,88,18,98,50,53,21,24,98,0,0,3,3,21,230,2
587,78,121,88,18,98,50,53,21,23,98,0,0,3,3,21,230,2
588,77,122,88,18,98,50,52,22,23,98,0,0,3,3,21,230,2
589,77,122,88,18,98,50,52,22,22,98,0,0,3,3,21,230,2
590,76,123,88,18,98,50,51,23,22,98,0,0,3,3,21,230,2
591,76,123,88,18,98,50,51,23,21,98,0,0,3,3,21,230,2
592,75,124,88,18,98,50,50,24,21,98,0,0,3,3,21,230,2
593,75,124,88,18,98,50,50,24,19,98,0,0,3,3,22,240,2
594,75,124,89,18,98,50,50,25,19,98,0,0,3,3,22,240,2
595,75,124,89,18,98,50,50,25,18,98,0,0,3,3,22,240,2
596,74,125,90,18,98,50,50,26,18,98,0,0,3,3,22,240,2
597,74,125,90,18,98,50,50,26,17,98,0,0,3,3,22,240,2
598,74,126,91,19,98,50,50,26,17,98,0,0,3,3,22,240,2
599,74,126,91,19,98,50,50,26,18,98,0,0,3,1,22,240,2
600,74,126,91,19,98,50,50,26,18,98,0,0,3,1,22,240,2
601,74,126,91,19,98,50,50,26,19,98,0,0,3,1,22,240,2
602,74,126,91,19,98,50,50,26,19,98,0,0,3,1,22,240,2
603,74,126,91,19,98,50,50,26,20,98,0,0,3,1,22,240,2
604,74,127,92,20,98,50,50,26,20,98,0,0,3,1,22,240,2
605,74,127,92,20,98,50,50,26,22,98,0,0,3,1,22,240,2
606,73,128,93,21,98,50,50,26,22,98,0,0,3,1,22,240,2
607,73,128,93,21,98,50,50,26,23,98,0,0,3,1,22,240,2
608,72,129,94,22,98,50,50,26,23,98,0,0,3,1,22,240,2
609,72,129,94,22,98,50,50,26,25,98,0,0,3,1,22,240,2
610,72,129,94,22,98,50,50,26,25,98,0,0,3,1,22,240,2
611,72,129,94,22,98,50,50,26,26,98,0,0,3,1,22,240,2
612,71,130,95,23,98,50,50,26,26,98,0,0,3,1,22,240,2
613,71,130,95,23,98,50,50,26,26,96,0,0,3,0,22,240,2
614,70,131,96,24,98,50,50,26,26,96,0,0,3,0,22,240,2
615,70,131,96,24,98,50,50,26,26,94,0,0,3,0,22,240,2
616,69,132,97,25,98,50,50,26,26,94,0,0,3,0,22,240,2
617,69,132,97,25,98,50,50,26,26,92,0,0,3,0,22,240,2
618,69,132,97,25,98,50,50,26,26,92,0,0,3,0,22,240,2
619,69,132,97,25,98,50,50,26,26,90,0,0,3,0,22,240,2
620,68,133,98,26,98,50,50,26,26,90,0,0,3,0,22,240,2
621,68,133,98,26,98,50,50,26,26,88,0,0,3,0,22,240,2
622,67,134,99,27,98,50,50,26,26,88,0,0,3,0,22,240,2
623,67,134,99,27,98,50,50,26,26,86,0,0,3,0,23,250,2
624,66,134,100,28,98,49,50,26,26,86,0,0,3,0,23,250,2
625,66,134,100,28,98,49,50,26,26,85,0,0,3,0,23,250,2
626,66,134,100,28,98,48,50,26,26,85,0,0,3,0,23,250,2
627,66,134,100,28,98,48,50,26,26,83,0,0,3,0,23,250,2
628,66,134,101,29,97,47,50,26,26,83,0,0,3,0,23,250,2
629,66,134,101,29,97,47,50,26,26,82,0,0,3,0,23,250,2
630,66,134,102,30,96,46,50,26,26,82,0,0,3,0,23,250,2
631,66,134,102,30,96,46,50,26,26,80,0,0,3,0,23,250,2
632,66,134,102,30,96,46,50,26,26,80,0,0,3,0,23,250,2
633,66,134,102,30,96,46,50,26,26,78,0,0,3,0,23,250,2
634,66,134,102,30,95,45,50,26,26,78,0,0,3,0,23,250,2
635,66,134,102,30,95,45,50,26,26,76,0,0,3,0,23,250,2
636,66,134,103,31,94,44,50,26,26,76,0,0,3,0,23,250,2
637,66,134,103,31,94,44,50,26,26,74,0,0,3,0,24,260,2
638,66,134,104,32,93,43,50,26,26,74,0,0,3,0,24,260,2
639,66,134,104,32,93,43,50,26,26,72,0,0,3,0,24,260,2
640,66,134,105,33,92,42,50,26,26,72,0,0,3,0,24,260,2
641,66,134,105,33,92,42,50,26,26,71,0,0,3,0,24,260,2
642,66,134,105,33,91,41,50,26,26,71,0,0,3,0,24,260,2
643,66,134,105,33,91,41,50,26,26,69,0,0,3,0,24,260,2
644,66,134,106,34,90,40,50,26,26,69,0,0,3,0,24,260,2
645,66,134,106,34,90,40,50,26,26,68,0,0,3,0,24,260,2
646,66,134,107,35,89,39,50,26,26,68,0,0,3,0,24,260,2
647,66,134,107,35,89,39,50,26,26,66,0,0,3,0,24,260,2
648,66,134,108,36,88,38,50,26,26,66,0,0,3,0,24,260,2
649,66,134,108,36,88,38,50,26,26,64,0,0,3,0,24,260,2
650,66,134,108,36,87,37,50,26,26,64,0,0,3,0,24,260,2
651,66,134,108,36,87,37,50,26,26,62,0,0,3,0,25,270,2
652,66,134,109,37,86,36,50,26,26,62,0,0,3,0,25,270,2
653,66,134,109,37,86,36,50,26,26,61,0,0,3,0,25,270,2
654,66,134,110,38,85,35,50,26,26,61,0,0,3,0,25,270,2
655,66,134,110,38,85,35,50,26,26,59,0,0,3,0,25,270,2
656,66,134,111,39,84,34,50,26,26,59,0,0,3,0,25,270,2
657,66,134,111,39,84,34,50,26,26,58,0,0,3,0,25,270,2
658,66,134,111,39,83,33,50,26,26,58,0,0,3,0,25,270,2
659,66,134,111,39,83,33,50,26,26,56,0,0,3,0,25,270,2
660,66,134,112,40,82,32,50,26,26,56,0,0,3,0,25,270,2
661,66,134,112,40,82,32,50,26,26,54,0,0,3,0,25,270,2
662,66,134,113,41,81,31,50,26,26,54,0,0,3,0,25,270,2
663,66,134,113,41,81,31,50,26,26,52,0,0,3,0,25,270,2
664,66,134,113,41,81,31,50,26,26,52,0,0,3,0,25,270,2
665,66,134,113,41,81,31,50,26,26,50,0,0,3,0,26,270,2
666,66,134,113,41,80,30,50,26,26,50,0,0,3,0,26,270,2
667,66,134,113,41,80,30,50,26,25,50,0,0,3,3,26,270,2
668,66,134,114,42,79,29,50,26,25,50,0,0,3,3,26,270,2
669,66,134,114,42,79,29,50,26,24,50,0,0,3,3,26,270,2
670,66,134,115,43,78,28,50,26,24,50,0,0,3,3,26,270,2
671,66,134,115,43,78,28,50,26,23,50,0,0,3,3,26,270,2
672,66,134,116,44,77,27,50,26,23,50,0,0,3,3,26,270,2
673,66,134,116,44,77,27,50,26,22,50,0,0,3,3,26,270,2
674,66,134,116,44,76,26,50,26,22,50,0,0,3,3,26,270,2
675,66,134,116,44,76,26,50,26,21,50,0,0,3,3,26,270,2
676,66,135,117,45,75,26,50,26,21,50,0,0,3,3,26,270,2
677,66,135,117,45,75,26,50,26,19,50,0,0,3,3,27,280,2
678,66,136,118,46,74,26,50,26,19,50,0,0,3,3,27,280,2
679,66,136,118,46,74,26,50,26,18,50,0,0,3,3,27,280,2
680,66,137,119,47,74,26,50,26,18,50,0,0,3,3,27,280,2
681,66,137,119,47,74,26,50,26,19,50,0,0,3,1,27,280,2
682,66,137,119,47,73,26,50,26,19,50,0,0,3,1,27,280,2
683,66,137,119,47,73,26,50,26,20,50,0,0,3,1,27,280,2
684,66,138,120,48,72,26,50,26,20,50,0,0,3,1,27,280,2
685,66,138,120,48,72,26,50,26,21,50,0,0,3,1,27,280,2
686,66,139,121,49,71,26,50,26,21,50,0,0,3,1,27,280,2
687,66,139,121,49,71,26,50,26,22,50,0,0,3,1,27,280,2
688,66,140,122,50,70,26,50,26,22,50,0,0,3,1,27,280,2
689,66,140,122,50,70,26,50,26,24,50,0,0,3,1,27,280,2
690,66,140,122,50,69,26,50,26,24,50,0,0,3,1,27,280,2
691,66,140,122,50,69,26,50,26,25,50,0,0,3,1,27,280,2
692,66,141,123,51,68,26,50,26,25,50,0,0,3,1,27,280,2
693,66,141,123,51,68,26,50,26,26,50,0,0,3,1,27,280,2
694,66,142,124,52,67,26,50,26,26,50,0,0,3,1,27,280,2
695,66,142,124,52,67,26,50,26,26,48,0,0,3,0,27,280,2
696,66,142,124,52,67,26,50,26,26,48,0,0,3,0,27,280,2
697,66,142,124,52,67,26,50,26,26,46,0,0,3,0,27,280,2
698,66,142,124,52,66,26,50,26,26,46,0,0,3,0,27,280,2
699,66,142,124,52,66,26,50,26,26,44,0,0,3,0,27,280,2
700,66,143,125,53,65,26,50,26,26,44,0,0,3,0,27,280,2
701,66,143,125,53,65,26,50,26,26,42,0,0,3,0,27,280,2
702,66,144,126,54,64,26,50,26,26,42,0,0,3,0,27,280,2
703,66,144,126,54,64,26,50,26,26,40,0,0,3,0,27,280,2
704,66,145,127,55,63,26,50,26,26,40,0,0,3,0,27,280,2
705,66,145,127,55,63,26,50,26,26,38,0,0,3,0,28,290,2
706,66,145,127,55,62,26,50,26,26,38,0,0,3,0,28,290,2
707,66,145,127,55,62,26,50,26,26,36,0,0,3,0,28,290,2
708,66,146,128,56,61,26,50,26,26,36,0,0,3,0,28,290,2
709,66,146,128,56,61,26,50,26,26,35,0,0,3,0,28,290,2
710,66,147,129,57,60,26,50,26,26,35,0,0,3,0,28,290,2
711,66,147,129,57,60,26,50,26,26,33,0,0,3,0,28,290,2
712,66,148,130,58,59,26,50,26,26,33,0,0,3,0,28,290,2
713,66,148,130,58,59,26,50,26,26,32,0,0,3,0,28,290,2
714,66,148,130,58,58,26,50,26,26,32,0,0,3,0,28,290,2
715,66,148,130,58,58,26,50,26,26,30,0,0,3,0,28,290,2
716,66,149,131,59,57,26,50,26,26,30,0,0,3,0,28,290,2
717,66,149,131,59,57,26,50,26,26,28,0,0,3,0,28,290,2
718,66,150,132,60,56,26,50,26,26,28,0,0,3,0,28,290,2
719,66,150,132,60,56,26,50,26,26,26,0,0,3,0,29,300,2
720,66,151,133,61,55,26,50,26,26,26,0,0,3,0,29,300,2
721,66,151,133,61,55,26,50,26,25,26,0,0,3,3,29,300,2
722,66,151,133,61,54,26,50,26,25,26,0,0,3,3,29,300,2
723,66,151,133,61,54,26,50,26,24,26,0,0,3,3,29,300,2
724,66,152,134,62,53,26,50,26,24,26,0,0,3,3,29,300,2
725,66,152,134,62,53,26,50,26,23,26,0,0,3,3,29,300,2
726,66,153,134,63,52,26,49,26,23,26,0,0,3,3,29,300,2
727,66,153,134,63,52,26,49,26,22,26,0,0,3,3,29,300,2
728,66,153,134,63,52,26,49,26,22,26,0,0,3,3,29,300,2
729,66,153,134,63,52,26,49,26,20,26,0,0,3,3,29,300,2
730,66,153,134,63,51,26,48,26,20,26,0,0,3,3,29,300,2
731,66,153,134,63,51,26,48,26,19,26,0,0,3,3,30,310,2
732,66,154,134,64,50,26,47,26,19,26,0,0,3,3,30,310,2
733,66,154,134,64,50,26,47,26,18,26,0,0,3,3,30,310,2
734,65,155,134,65,50,26,46,26,18,26,0,0,3,3,30,310,2
735,65,155,134,65,50,26,46,26,18,24,0,0,3,0,30,310,2
736,64,156,134,66,50,26,45,26,18,24,0,0,3,0,30,310,2
737,64,156,134,66,50,26,45,26,18,23,0,0,3,0,30,310,2
738,64,156,134,66,50,26,44,26,18,23,0,0,3,0,30,310,2
739,64,156,134,66,50,26,44,26,18,21,0,0,3,0,30,310,2
740,63,157,134,67,50,26,43,26,18,21,0,0,3,0,30,310,2
741,63,157,134,67,50,26,43,26,18,19,0,0,3,0,30,310,2
742,62,158,134,68,50,26,42,26,18,19,0,0,3,0,30,310,2
743,62,158,134,68,50,26,42,26,18,17,0,0,3,0,31,360,2
744,63,158,134,67,50,25,43,26,18,17,0,0,3,0,31,360,2
745,63,158,134,67,50,25,43,26,18,15,0,0,3,0,31,360,2
746,63,158,134,67,50,24,44,26,18,15,0,0,3,0,31,360,2
747,63,158,134,67,50,24,44,26,18,13,0,0,3,0,31,360,2
748,64,158,134,66,50,23,45,26,18,13,0,0,3,0,31,360,2
749,64,158,134,66,50,23,45,26,18,11,0,0,3,0,31,360,2
750,65,158,134,66,50,22,46,27,18,11,0,0,3,0,31,360,2
751,65,158,134,66,50,22,46,27,18,9,0,0,3,0,31,360,2
752,66,158,134,66,50,21,47,28,18,9,0,0,3,0,31,360,2
753,66,158,134,66,50,21,47,28,18,7,0,0,3,0,31,360,2
754,66,158,134,66,50,20,48,29,18,7,0,0,3,0,31,360,2
755,66,158,134,66,50,20,48,29,18,5,0,0,3,0,31,360,2
756,67,158,134,66,50,19,49,30,18,5,0,0,3,0,31,360,2
757,67,158,134,66,50,19,49,30,18,3,0,0,3,0,31,360,2
758,68,158,134,66,50,18,50,31,18,3,0,0,3,0,31,360,2
759,68,158,134,66,50,18,50,31,18,2,0,0,3,0,32,360,2
760,68,158,134,66,50,18,50,31,18,2,0,0,3,0,32,360,2
761,68,158,134,66,50,18,50,31,19,2,0,0,3,1,32,360,2
762,68,158,133,66,50,17,50,32,19,2,0,0,3,1,32,360,2
763,68,158,133,66,50,17,50,32,20,2,0,0,3,1,32,360,2
764,69,158,132,66,50,16,50,33,20,2,0,0,3,1,32,360,2
765,69,158,132,66,50,16,50,33,21,2,0,0,3,1,32,360,2
766,70,158,131,66,50,15,50,34,21,2,0,0,3,1,32,360,2
767,70,158,131,66,50,15,50,34,22,2,0,0,3,1,32,360,2
768,71,158,130,66,50,14,50,35,22,2,0,0,3,1,32,360,2
769,71,158,130,66,50,14,50,35,24,2,0,0,3,1,33,370,2
770,71,158,130,66,50,13,50,36,24,2,0,0,3,1,33,370,2
771,71,158,130,66,50,13,50,36,25,2,0,0,3,1,33,370,2
772,72,158,129,66,50,12,50,37,25,2,0,0,3,1,33,370,2
773,72,158,129,66,50,12,50,37,26,2,0,0,3,1,33,370,2
774,73,158,128,66,50,11,50,38,26,2,0,0,3,1,33,370,2
775,73,158,128,66,50,11,50,38,27,2,0,0,3,1,33,370,2
776,74,158,127,66,50,10,50,39,27,2,0,0,3,1,33,370,2
777,74,158,127,66,50,10,50,39,28,2,0,0,3,1,33,370,2
778,74,158,127,66,50,9,50,40,28,2,0,0,3,1,33,370,2
779,74,158,127,66,50,9,50,40,29,2,0,0,3,1,33,370,2
780,75,158,126,66,50,8,50,41,29,2,0,0,3,1,33,370,2
781,75,158,126,66,50,8,50,41,31,2,0,0,3,1,33,370,2
782,76,158,125,66,50,7,50,42,31,2,0,0,3,1,33,370,2
783,76,158,125,66,50,7,50,42,32,2,0,0,3,1,34,380,2
784,77,158,124,66,50,6,50,43,32,2,0,0,3,1,34,380,2
785,77,158,124,66,50,6,50,43,33,2,0,0,3,1,34,380,2
786,77,158,124,66,50,5,50,44,33,2,0,0,3,1,34,380,2
787,77,158,124,66,50,5,50,44,34,2,0,0,3,1,34,380,2
788,78,158,123,66,50,4,50,45,34,2,0,0,3,1,34,380,2
789,78,158,123,66,50,4,50,45,35,2,0,0,3,1,34,380,2
790,79,158,122,66,50,3,50,46,35,2,0,0,3,1,34,380,2
791,79,158,122,66,50,3,50,46,36,2,0,0,3,1,34,380,2
792,79,158,122,66,50,3,50,46,36,2,0,0,3,1,34,380,2
793,79,158,122,66,50,3,50,46,38,2,0,0,3,1,34,380,2
794,79,158,122,66,50,2,50,47,38,2,0,0,3,1,34,380,2
795,79,158,122,66,50,2,50,47,39,2,0,0,3,1,34,380,2
796,80,157,121,66,50,2,50,48,39,2,0,0,3,1,34,380,2
797,80,157,121,66,50,2,50,48,41,2,0,0,3,1,35,390,2
798,81,156,120,66,50,2,50,49,41,2,0,0,3,1,35,390,2
799,81,156,120,66,50,2,50,49,42,2,0,0,3,1,35,390,2
800,82,155,119,66,50,2,50,50,42,2,0,0,3,1,35,390,2
801,82,155,119,66,50,2,50,50,42,3,0,0,3,2,35,390,2
802,82,155,119,66,50,2,50,51,42,3,0,0,3,2,35,390,2
803,82,155,119,66,50,2,50,51,42,5,0,0,3,2,35,390,2
804,83,154,118,66,50,2,50,52,42,5,0,0,3,2,35,390,2
805,83,154,118,66,50,2,50,52,42,6,0,0,3,2,35,390,2
806,84,153,117,66,50,2,50,53,42,6,0,0,3,2,35,390,2
807,84,153,117,66,50,2,50,53,42,8,0,0,3,2,35,390,2
808,85,152,116,66,50,2,50,54,42,8,0,0,3,2,35,390,2
809,85,152,116,66,50,2,50,54,42,10,0,0,3,2,36,400,2
810,85,152,116,66,50,2,50,55,42,10,0,0,3,2,36,400,2
811,85,152,116,66,50,2,50,55,42,12,0,0,3,2,36,400,2
812,86,151,115,66,50,2,50,56,42,12,0,0,3,2,36,400,2
813,86,151,115,66,50,2,50,56,42,13,0,0,3,2,36,400,2
814,87,150,114,66,50,2,50,57,42,13,0,0,3,2,36,400,2
815,87,150,114,66,50,2,50,57,42,15,0,0,3,2,36,400,2
816,88,149,113,66,50,2,50,58,42,15,0,0,3,2,36,400,2
817,88,149,113,66,50,2,50,58,42,16,0,0,3,2,36,400,2
818,88,149,113,66,50,2,50,59,42,16,0,0,3,2,36,400,2
819,88,149,113,66,50,2,50,59,42,18,0,0,3,2,36,400,2
820,89,148,112,66,50,2,50,60,42,18,0,0,3,2,36,400,2
821,89,148,112,66,50,2,50,60,42,20,0,0,3,2,36,400,2
822,90,147,111,66,50,2,50,61,42,20,0,0,3,2,36,400,2
823,90,147,111,66,50,2,50,61,42,22,0,0,3,2,37,410,2
824,90,147,111,66,50,2,50,61,42,22,0,0,3,2,37,410,2
825,90,147,111,66,50,2,50,61,42,23,0,0,3,2,37,410,2
826,90,147,111,66,50,2,50,62,42,23,0,0,3,2,37,410,2
827,90,147,111,66,50,2,50,62,42,25,0,0,3,2,37,410,2
828,91,146,110,66,50,2,50,63,42,25,0,0,3,2,37,410,2
829,91,146,110,66,50,2,50,63,42,26,0,0,3,2,37,410,2
830,92,145,110,66,50,2,49,64,42,26,0,0,3,2,37,410,2
831,92,145,110,66,50,2,49,64,41,26,0,0,3,3,37,410,2
832,93,144,110,66,50,2,48,65,41,26,0,0,3,3,37,410,2
833,93,144,110,66,50,2,48,65,39,26,0,0,3,3,37,410,2
834,93,144,110,66,50,2,47,66,39,26,0,0,3,3,37,410,2
835,93,144,110,66,50,2,47,66,38,26,0,0,3,3,37,410,2
836,94,143,110,66,50,2,46,67,38,26,0,0,3,3,37,410,2
837,94,143,110,66,50,2,46,67,36,26,0,0,3,3,37,410,2
838,95,142,110,66,50,2,45,68,36,26,0,0,3,3,37,410,2
839,95,142,110,66,50,2,45,68,35,26,0,0,3,3,38,420,2
840,96,141,110,66,50,2,44,69,35,26,0,0,3,3,38,420,2
841,96,141,110,66,50,2,44,69,34,26,0,0,3,3,38,420,2
842,96,141,110,66,50,2,43,70,34,26,0,0,3,3,38,420,2
843,96,141,110,66,50,2,43,70,35,26,0,0,3,1,38,420,2
844,97,140,110,66,50,2,42,71,35,26,0,0,3,1,38,420,2
845,97,140,110,66,50,2,42,71,36,26,0,0,3,1,38,420,2
846,98,139,110,66,50,2,41,72,36,26,0,0,3,1,38,420,2
847,98,139,110,66,50,2,41,72,37,26,0,0,3,1,38,420,2
848,99,138,110,66,50,2,40,73,37,26,0,0,3,1,38,420,2
849,99,138,110,66,50,2,40,73,39,26,0,0,3,1,38,420,2
850,99,138,110,66,50,2,39,74,39,26,0,0,3,1,38,420,2
851,99,138,110,66,50,2,39,74,40,26,0,0,3,1,38,420,2
852,100,137,110,66,50,2,38,75,40,26,0,0,3,1,38,420,2
853,100,137,110,66,50,2,38,75,42,26,0,0,3,1,38,420,2
854,101,136,110,66,50,2,37,76,42,26,0,0,3,1,38,420,2
855,101,136,110,66,50,2,37,76,42,28,0,0,3,2,38,420,2
856,101,136,110,66,50,2,37,76,42,28,0,0,3,2,38,420,2
857,101,136,110,66,50,2,37,76,42,30,0,0,3,2,38,420,2
858,101,136,110,66,50,2,36,77,42,30,0,0,3,2,38,420,2
859,101,136,110,66,50,2,36,77,42,32,0,0,3,2,38,420,2
860,102,135,110,66,50,2,35,78,42,32,0,0,3,2,38,420,2
861,102,135,110,66,50,2,35,78,42,34,0,0,3,2,39,430,2
862,103,134,110,66,50,2,34,79,42,34,0,0,3,2,39,430,2
863,103,134,110,66,50,2,34,79,42,36,0,0,3,2,39,430,2
864,104,134,110,66,50,3,33,80,42,36,0,0,3,2,39,430,2
865,104,134,110,66,50,3,33,80,42,37,0,0,3,2,39,430,2
866,104,134,110,66,50,4,32,81,42,37,0,0,3,2,39,430,2
867,104,134,110,66,50,4,32,81,42,39,0,0,3,2,39,430,2
868,105,134,110,66,50,5,31,82,42,39,0,0,3,2,39,430,2
869,105,134,110,66,50,5,31,82,42,40,0,0,3,2,39,430,2
870,106,134,110,66,50,6,30,83,42,40,0,0,3,2,39,430,2
871,106,134,110,66,50,6,30,83,42,42,0,0,3,2,39,430,2
872,107,134,110,66,50,7,29,84,42,42,0,0,3,2,39,430,2
873,107,134,110,66,50,7,29,84,42,44,0,0,3,2,39,430,2
874,107,134,110,66,50,8,28,85,42,44,0,0,3,2,39,430,2
875,107,134,110,66,50,8,28,85,42,46,0,0,3,2,40,440,2
876,108,134,110,66,50,9,27,86,42,46,0,0,3,2,40,440,2
877,108,134,110,66,50,9,27,86,42,47,0,0,3,2,40,440,2
878,109,134,110,66,50,10,26,87,42,47,0,0,3,2,40,440,2
879,109,134,110,66,50,10,26,87,42,49,0,0,3,2,40,440,2
880,110,134,111,66,50,11,26,88,42,49,0,0,3,2,40,440,2
881,110,134,111,66,50,11,26,88,42,50,0,0,3,2,40,440,2
882,110,134,111,66,50,12,26,89,42,50,0,0,3,2,40,440,2
883,110,134,111,66,50,12,26,89,43,50,0,0,3,1,40,440,2
884,111,134,112,66,50,13,26,90,43,50,0,0,3,1,40,440,2
885,111,134,112,66,50,13,26,90,45,50,0,0,3,1,40,440,2
886,112,134,113,66,50,14,26,91,45,50,0,0,3,1,40,440,2
887,112,134,113,66,50,14,26,91,46,50,0,0,3,1,40,440,2
888,112,134,113,66,50,14,26,91,46,50,0,0,3,1,40,440,2
889,112,134,113,66,50,14,26,91,48,50,0,0,3,1,41,450,2
890,112,134,113,66,50,15,26,92,48,50,0,0,3,1,41,450,2
891,112,134,113,66,50,15,26,92,49,50,0,0,3,1,41,450,2
892,113,134,114,66,50,16,26,93,49,50,0,0,3,1,41,450,2
893,113,134,114,66,50,16,26,93,50,50,0,0,3,1,41,450,2
894,114,134,115,66,50,17,26,94,50,50,0,0,3,1,41,450,2
895,114,134,115,66,50,17,26,94,51,50,0,0,3,1,41,450,2
896,115,134,116,66,50,18,26,95,51,50,0,0,3,1,41,450,2
897,115,134,116,66,50,18,26,95,52,50,0,0,3,1,41,450,2
898,115,134,116,66,50,19,26,96,52,50,0,0,3,1,41,450,2
899,115,134,116,66,50,19,26,96,53,50,0,0,3,1,41,450,2
900,116,134,117,66,50,20,26,97,53,50,0,0,3,1,41,450,2
901,116,134,117,66,50,20,26,97,55,50,0,0,3,1,41,450,2
902,117,134,118,66,50,21,26,98,55,50,0,0,3,1,41,450,2
903,117,134,118,66,50,21,26,98,56,50,0,0,3,1,42,450,2
904,118,134,118,65,50,22,26,98,56,50,0,0,3,1,42,450,2
905,118,134,118,65,50,22,26,98,57,50,0,0,3,1,42,450,2
906,118,134,118,65,50,23,26,98,57,50,0,0,3,1,42,450,2
907,118,134,118,65,50,23,26,98,58,50,0,0,3,1,42,450,2
908,118,134,119,64,50,24,26,98,58,50,0,0,3,1,42,450,2
909,118,134,119,64,50,24,26,98,59,50,0,0,3,1,42,450,2
910,119,134,120,63,50,25,26,98,59,50,0,0,3,1,42,450,2
911,119,134,120,63,50,25,26,98,60,50,0,0,3,1,42,450,2
912,120,134,121,62,50,26,26,98,60,50,0,0,3,1,42,450,2
913,120,134,121,62,50,26,26,98,62,50,0,0,3,1,42,450,2
914,120,135,121,62,50,26,26,98,62,50,0,0,3,1,42,450,2
915,120,135,121,62,50,26,26,98,63,50,0,0,3,1,42,450,2
916,121,136,122,61,50,26,26,98,63,50,0,0,3,1,42,450,2
917,121,136,122,61,50,26,26,98,65,50,0,0,3,1,43,460,2
918,122,137,123,60,50,26,26,98,65,50,0,0,3,1,43,460,2
919,122,137,123,60,50,26,26,98,66,50,0,0,3,1,43,460,2
920,122,137,123,60,50,26,26,98,66,50,0,0,3,1,43,460,2
921,122,137,123,60,50,26,26,98,66,49,0,0,3,0,43,460,2
922,122,137,123,60,50,26,26,98,66,49,0,0,3,0,43,460,2
923,122,137,123,60,50,26,26,98,66,47,0,0,3,0,43,460,2
924,123,138,124,59,50,26,26,98,66,47,0,0,3,0,43,460,2
925,123,138,124,59,50,26,26,98,66,46,0,0,3,0,43,460,2
926,124,139,125,58,50,26,26,98,66,46,0,0,3,0,43,460,2
927,124,139,125,58,50,26,26,98,66,44,0,0,3,0,43,460,2
928,125,140,126,57,50,26,26,98,66,44,0,0,3,0,43,460,2
929,125,140,126,57,50,26,26,98,66,42,0,0,3,0,43,460,2
930,125,140,126,57,50,26,26,98,66,42,0,0,3,0,43,460,2
931,125,140,126,57,50,26,26,98,66,40,0,0,3,0,43,460,2
932,126,141,127,56,50,26,26,98,66,40,0,0,3,0,43,460,2
933,126,141,127,56,50,26,26,98,66,38,0,0,3,0,44,470,2
934,127,142,128,55,50,26,26,98,66,38,0,0,3,0,44,470,2
935,127,142,128,55,50,26,26,98,66,36,0,0,3,0,44,470,2
936,128,143,129,54,50,26,26,98,66,36,0,0,3,0,44,470,2
937,128,143,129,54,50,26,26,98,66,35,0,0,3,0,44,470,2
938,128,143,129,54,50,26,26,98,66,35,0,0,3,0,44,470,2
939,128,143,129,54,50,26,26,98,66,33,0,0,3,0,44,470,2
940,129,144,130,53,50,26,26,98,66,33,0,0,3,0,44,470,2
941,129,144,130,53,50,26,26,98,66,32,0,0,3,0,44,470,2
942,130,145,131,52,50,26,26,98,66,32,0,0,3,0,44,470,2
943,130,145,131,52,50,26,26,98,66,30,0,0,3,0,44,470,2
944,131,146,132,51,50,26,26,98,66,30,0,0,3,0,44,470,2
945,131,146,132,51,50,26,26,98,66,28,0,0,3,0,44,470,2
946,131,146,132,51,50,26,26,98,66,28,0,0,3,0,44,470,2
947,131,146,132,51,50,26,26,98,66,26,0,0,3,0,45,480,2
948,132,147,133,50,50,26,26,98,66,26,0,0,3,0,45,480,2
949,132,147,133,50,50,26,26,98,65,26,0,0,3,3,45,480,2
950,133,148,134,49,50,26,26,98,65,26,0,0,3,3,45,480,2
951,133,148,134,49,50,26,26,98,64,26,0,0,3,3,45,480,2
952,133,148,134,49,50,26,26,98,64,26,0,0,3,3,45,480,2
953,133,148,134,49,50,26,26,98,63,26,0,0,3,3,45,480,2
954,133,148,134,49,50,26,26,98,63,26,0,0,3,3,45,480,2
955,133,148,134,49,50,26,26,98,62,26,0,0,3,3,45,480,2
956,134,149,135,48,50,26,26,98,62,26,0,0,3,3,45,480,2
957,134,149,135,48,50,26,26,98,60,26,0,0,3,3,45,480,2
958,134,150,136,47,49,26,26,98,60,26,0,0,3,3,45,480,2
959,134,150,136,47,49,26,26,98,59,26,0,0,3,3,46,490,2
960,134,150,137,46,48,27,26,98,59,26,0,0,3,3,46,490,2
961,134,150,137,46,48,27,26,98,58,26,0,0,3,3,46,490,2
962,134,150,137,46,47,28,26,98,58,26,0,0,3,3,46,490,2
963,134,150,137,46,47,28,26,98,57,26,0,0,3,3,46,490,2
964,134,150,138,45,46,29,26,98,57,26,0,0,3,3,46,490,2
965,134,150,138,45,46,29,26,98,56,26,0,0,3,3,46,490,2
966,134,150,139,44,45,30,26,98,56,26,0,0,3,3,46,490,2
967,134,150,139,44,45,30,26,98,55,26,0,0,3,3,46,490,2
968,134,150,140,43,44,31,26,98,55,26,0,0,3,3,46,490,2
969,134,150,140,43,44,31,26,98,53,26,0,0,3,3,46,490,2
970,134,150,140,43,43,32,26,98,53,26,0,0,3,3,46,490,2
971,134,150,140,43,43,32,26,98,52,26,0,0,3,3,46,490,2
972,134,150,141,42,42,33,26,98,52,26,0,0,3,3,46,490,2
973,134,150,141,42,42,33,26,98,50,26,0,0,3,3,47,500,2
974,134,150,142,42,41,34,26,99,50,26,0,0,3,3,47,500,2
975,134,150,142,42,41,34,26,99,51,26,0,0,3,1,47,500,2
976,134,150,143,42,40,35,26,100,51,26,0,0,3,1,47,500,2
977,134,150,143,42,40,35,26,100,52,26,0,0,3,1,47,500,2
978,134,150,143,42,39,36,26,101,52,26,0,0,3,1,47,500,2
979,134,150,143,42,39,36,26,101,53,26,0,0,3,1,47,500,2
980,134,150,144,42,38,37,26,102,53,26,0,0,3,1,47,500,2
981,134,150,144,42,38,37,26,102,54,26,0,0,3,1,47,500,2
982,134,150,145,42,37,38,26,103,54,26,0,0,3,1,47,500,2
983,134,150,145,42,37,38,26,103,55,26,0,0,3,1,47,500,2
984,134,150,145,42,37,38,26,103,55,26,0,0,3,1,47,500,2
985,134,150,145,42,37,38,26,103,57,26,0,0,3,1,47,500,2
986,134,150,145,42,36,39,26,104,57,26,0,0,3,1,47,500,2
987,134,150,145,42,36,39,26,104,58,26,0,0,3,1,47,500,2
988,134,150,146,42,35,40,26,105,58,26,0,0,3,1,47,500,2
989,134,150,146,42,35,40,26,105,58,24,0,0,3,0,47,500,2
990,134,150,147,42,34,41,26,106,58,24,0,0,3,0,47,500,2
991,134,150,147,42,34,41,26,106,58,22,0,0,3,0,47,500,2
992,134,150,148,42,33,42,26,107,58,22,0,0,3,0,47,500,2
993,134,150,148,42,33,42,26,107,58,20,0,0,3,0,47,500,2
994,134,150,148,42,32,43,26,108,58,20,0,0,3,0,47,500,2
995,134,150,148,42,32,43,26,108,58,18,0,0,3,0,47,500,2
996,134,150,149,42,31,44,26,109,58,18,0,0,3,0,47,500,2
997,134,150,149,42,31,44,26,109,58,16,0,0,3,0,47,500,2
998,134,150,150,42,30,45,26,110,58,16,0,0,3,0,47,500,2
999,134,150,150,42,30,45,26,110,58,14,0,0,3,0,48,510,2
1000,134,150,150,42,29,46,26,111,58,14,0,0,3,0,48,510,2
1001,134,150,150,42,29,46,26,111,58,13,0,0,3,0,48,510,2
1002,134,150,150,42,28,47,26,112,58,13,0,0,3,0,48,510,2
1003,134,150,150,42,28,47,26,112,58,11,0,0,3,0,48,510,2
1004,134,150,151,42,27,48,26,113,58,11,0,0,3,0,48,510,2
1005,134,150,151,42,27,48,26,113,58,10,0,0,3,0,48,510,2
1006,134,150,152,42,26,49,26,114,58,10,0,0,3,0,48,510,2
1007,134,150,152,42,26,49,26,114,58,8,0,0,3,0,48,510,2
1008,135,150,153,42,26,50,26,115,58,8,0,0,3,0,48,510,2
1009,135,150,153,42,26,50,26,115,58,6,0,0,3,0,48,510,2
1010,135,150,153,42,26,51,26,116,58,6,0,0,3,0,48,510,2
1011,135,150,153,42,26,51,26,116,58,4,0,0,3,0,48,510,2
1012,136,150,154,42,26,52,26,117,58,4,0,0,3,0,48,510,2
1013,136,150,154,42,26,52,26,117,58,2,0,0,3,0,49,520,2
1014,137,150,155,42,26,53,26,118,58,2,0,0,3,0,49,520,2
1015,137,150,155,42,26,53,26,118,59,2,0,0,3,1,49,520,2
1016,137,150,155,42,26,53,26,118,59,2,0,0,3,1,49,520,2
1017,137,150,155,42,26,53,26,118,60,2,0,0,3,1,49,520,2
1018,137,150,155,42,26,54,26,119,60,2,0,0,3,1,49,520,2
1019,137,150,155,42,26,54,26,119,61,2,0,0,3,1,49,520,2
1020,138,150,156,42,26,55,26,120,61,2,0,0,3,1,49,520,2
1021,138,150,156,42,26,55,26,120,62,2,0,0,3,1,49,520,2
1022,139,150,157,42,26,56,26,121,62,2,0,0,3,1,49,520,2
1023,139,150,157,42,26,56,26,121,63,2,0,0,3,1,49,520,2
1024,140,150,158,42,26,57,26,122,63,2,0,0,3,1,49,520,2
1025,140,150,158,42,26,57,26,122,65,2,0,0,3,1,50,530,2
1026,140,150,158,41,26,58,26,122,65,2,0,0,3,1,50,530,2
1027,140,150,158,41,26,58,26,122,66,2,0,0,3,1,50,530,2
1028,141,150,158,40,26,59,25,122,66,2,0,0,3,1,50,530,2
1029,141,150,158,40,26,59,25,122,67,2,163,97,3,1,50,530,2
1030,142,150,158,39,26,60,24,122,67,2,163,97,3,1,50,530,2
1031,142,150,158,39,26,60,24,122,68,2,163,97,3,1,50,530,2
1032,143,150,158,38,26,61,23,122,68,2,163,97,3,1,50,530,2
1033,143,150,158,38,26,61,23,122,69,2,162,97,3,1,50,530,2
1034,143,150,158,38,26,62,22,122,69,2,162,97,3,1,50,530,2
1035,143,150,158,38,26,62,22,122,70,2,162,97,3,1,50,530,2
1036,144,150,158,37,26,63,21,122,70,2,162,97,3,1,50,530,2
1037,144,150,158,37,26,63,21,122,72,2,161,97,3,1,51,540,2
1038,145,150,158,36,26,64,20,122,72,2,161,97,3,1,51,540,2
1039,145,150,158,36,26,64,20,122,73,2,161,97,3,1,51,540,2
1040,146,150,158,35,26,65,19,122,73,2,161,97,3,1,51,540,2
1041,146,150,158,35,26,65,19,122,74,2,160,97,3,1,51,540,2
1042,146,150,158,35,26,66,18,122,74,2,160,97,3,1,51,540,2
1043,146,150,158,35,26,66,18,122,75,2,160,97,3,1,51,540,2
1044,147,150,158,34,26,67,17,122,75,2,160,97,3,1,51,540,2
1045,147,150,158,34,26,67,17,122,76,2,159,97,3,1,51,540,2
1046,148,150,158,33,26,68,16,122,76,2,159,97,3,1,51,540,2
1047,148,150,158,33,26,68,16,122,77,2,159,97,3,1,51,540,2
1048,148,150,158,33,26,68,16,122,77,2,159,97,3,1,51,540,2
1049,148,150,158,33,26,68,16,122,79,2,158,96,3,1,51,540,2
1050,148,150,158,33,26,69,15,122,79,2,158,96,3,1,51,540,2
1051,148,150,158,33,26,69,15,122,80,2,158,96,3,1,52,540,2
1052,149,150,158,32,26,70,14,122,80,2,158,96,3,1,52,540,2
1053,149,150,158,32,26,70,14,122,81,2,157,95,3,1,52,540,2
1054,150,150,158,31,26,71,13,122,81,2,157,95,3,1,52,540,2
1055,150,150,158,31,26,71,13,122,82,2,157,95,3,1,52,540,2
1056,151,150,158,30,26,72,12,122,82,2,157,95,3,1,52,540,2
1057,151,150,158,30,26,72,12,122,83,2,156,95,3,1,52,540,2
1058,151,150,158,30,26,73,11,122,83,2,156,95,3,1,52,540,2
1059,151,150,158,30,26,73,11,122,84,2,156,95,3,1,52,540,2
1060,152,150,158,29,26,74,10,122,84,2,156,95,3,1,52,540,2
1061,152,150,158,29,26,74,10,122,86,2,155,96,3,1,52,540,2
1062,153,149,158,28,26,74,9,122,86,2,155,96,3,1,52,540,2
1063,153,149,158,28,26,74,9,122,87,2,155,96,3,1,52,540,2
1064,154,148,158,27,26,74,8,122,87,2,155,96,3,1,52,540,2
1065,154,148,158,27,26,74,8,122,89,2,154,97,3,1,52,540,2
1066,154,148,158,27,26,74,7,122,89,2,154,97,3,1,52,540,2
1067,154,148,158,27,26,74,7,122,90,2,154,97,3,1,52,540,2
1068,155,147,158,26,26,74,6,122,90,2,154,97,3,1,52,540,2
1069,155,147,158,26,26,74,6,122,92,2,153,99,3,1,53,550,2
1070,156,146,158,25,26,74,5,122,92,2,153,99,3,1,53,550,2
1071,156,146,158,25,26,74,5,122,93,2,153,99,3,1,53,550,2
1072,157,145,158,24,26,74,4,122,93,2,153,99,3,1,53,550,2
1073,157,145,158,24,26,74,4,122,94,2,152,99,3,1,53,550,2
1074,157,145,158,24,26,74,3,122,94,2,152,99,3,1,53,550,2
1075,157,145,158,24,26,74,3,122,95,2,152,99,3,1,53,550,2
1076,158,144,158,23,26,74,2,122,95,2,152,99,3,1,53,550,2
1077,158,144,158,23,26,74,2,122,96,2,151,97,3,1,53,550,2
1078,158,143,157,22,26,74,2,122,96,2,151,97,3,1,53,550,2
1079,158,143,157,22,26,74,2,122,97,2,151,97,3,1,53,550,2
1080,158,143,157,22,26,74,2,122,97,2,151,97,3,1,53,550,2
1081,158,143,157,22,26,74,2,122,99,2,151,96,3,1,53,550,2
1082,158,143,157,22,26,74,2,122,99,2,151,96,3,1,53,550,2
1083,158,143,157,22,26,74,2,122,100,2,151,96,3,1,54,560,2
1084,158,142,156,21,25,74,2,122,100,2,151,96,3,1,54,560,2
1085,158,142,156,21,25,74,2,122,101,2,151,96,3,1,54,560,2
1086,158,141,155,20,24,74,2,122,101,2,151,96,3,1,54,560,2
1087,158,141,155,20,24,74,2,122,102,2,151,96,3,1,54,560,2
1088,158,140,154,19,23,74,2,122,102,2,151,96,3,1,54,560,2
1089,158,140,154,19,23,74,2,122,103,2,151,97,3,1,54,560,2
1090,158,140,154,19,22,74,2,122,103,2,151,97,3,1,54,560,2
1091,158,140,154,19,22,74,2,122,104,2,151,97,3,1,54,560,2
1092,158,139,153,18,21,74,2,122,104,2,151,97,3,1,54,560,2
1093,158,139,153,18,21,74,2,122,106,2,151,101,3,1,54,560,2
1094,158,138,152,18,20,74,2,123,106,2,151,101,3,1,54,560,2
1095,158,138,152,18,20,74,2,123,107,2,151,101,3,1,54,560,2
1096,158,137,151,18,19,74,2,124,107,2,151,101,3,1,54,560,2
1097,158,137,151,18,19,74,2,124,109,2,151,104,3,1,55,570,2
1098,158,137,151,18,18,74,2,125,109,2,151,104,3,1,55,570,2
1099,158,137,151,18,18,74,2,125,110,2,151,104,3,1,55,570,2
1100,158,136,150,18,17,74,2,126,110,2,151,104,3,1,55,570,2
1101,158,136,150,18,17,74,2,126,111,2,151,108,3,1,55,570,2
1102,158,135,149,18,16,74,2,127,111,2,151,108,3,1,55,570,2
1103,158,135,149,18,16,74,2,127,112,2,151,108,3,1,55,570,2
1104,158,134,148,18,15,74,2,128,112,2,151,108,3,1,55,570,2
1105,158,134,148,18,15,74,2,128,113,2,151,109,3,1,55,570,2
1106,158,134,148,18,14,74,2,129,113,2,151,109,3,1,55,570,2
1107,158,134,148,18,14,74,2,129,114,2,151,109,3,1,55,570,2
1108,158,133,147,18,14,74,2,130,114,2,151,109,3,1,55,570,2
1109,158,133,147,18,14,74,2,130,116,2,151,109,3,1,56,580,2
1110,158,132,146,18,13,74,2,131,116,2,151,109,3,1,56,580,2
1111,158,132,146,18,13,74,2,131,117,2,151,109,3,1,56,580,2
1112,158,132,146,18,13,74,2,131,117,2,151,109,3,1,56,580,2
1113,158,132,146,18,13,74,2,131,118,2,151,108,3,1,56,580,2
1114,158,132,146,18,12,74,2,132,118,2,151,108,3,1,56,580,2
1115,158,132,146,18,12,74,2,132,118,4,151,108,3,2,56,580,2
1116,158,131,145,18,11,74,2,133,118,4,151,108,3,2,56,580,2
1117,158,131,145,18,11,74,2,133,118,5,151,108,3,2,56,580,2
1118,158,130,144,18,10,74,2,134,118,5,151,108,3,2,56,580,2
1119,158,130,144,18,10,74,2,134,118,7,151,108,3,2,56,580,2
1120,158,129,143,18,9,74,2,135,118,7,151,108,3,2,56,580,2
1121,158,129,143,18,9,74,2,135,118,9,151,109,3,2,56,580,2
1122,158,129,143,18,8,74,2,136,118,9,151,109,3,2,56,580,2
1123,158,129,143,18,8,74,2,136,118,11,151,109,3,2,57,590,2
1124,158,128,142,18,7,74,2,137,118,11,151,109,3,2,57,590,2
1125,158,128,142,18,7,74,2,137,118,12,151,113,3,2,57,590,2
1126,158,127,141,18,6,74,2,138,118,12,151,113,3,2,57,590,2
1127,158,127,141,18,6,74,2,138,118,14,151,113,3,2,57,590,2
1128,158,126,140,18,5,74,2,139,118,14,151,113,3,2,57,590,2
1129,158,126,140,18,5,74,2,139,118,15,151,116,3,2,57,590,2
1130,158,126,140,18,4,74,2,140,118,15,151,116,3,2,57,590,2
1131,158,126,140,18,4,74,2,140,118,17,151,116,3,2,57,590,2
1132,158,125,139,18,3,74,2,141,118,17,151,116,3,2,57,590,2
1133,158,125,139,18,3,74,2,141,118,19,151,120,3,2,57,590,2
1134,158,124,138,18,2,74,2,142,118,19,151,120,3,2,57,590,2
1135,158,124,138,18,2,74,2,142,118,21,151,120,3,2,57,590,2
1136,157,123,137,18,2,74,2,143,118,21,151,120,3,2,57,590,2
1137,157,123,137,18,2,74,2,143,118,23,151,121,3,2,58,600,2
1138,157,123,137,18,2,74,2,144,118,23,151,121,3,2,58,600,2
1139,157,123,137,18,2,74,2,144,118,25,151,121,3,2,58,600,2
1140,156,122,136,18,2,74,2,145,118,25,151,121,3,2,58,600,2
1141,156,122,136,18,2,74,2,145,118,26,151,121,3,2,58,600,2
1142,155,121,135,18,2,74,2,146,118,26,151,121,3,2,58,600,2
1143,155,121,135,18,2,74,2,146,119,26,151,121,3,1,58,600,2
1144,155,121,135,18,2,74,2,146,119,26,151,121,3,1,58,600,2
1145,155,121,135,18,2,74,2,146,120,26,150,120,3,1,58,600,2
1146,155,121,135,18,2,74,2,147,120,26,150,120,3,1,58,600,2
1147,155,121,135,18,2,74,2,147,121,26,150,120,3,1,58,600,2
1148,154,120,134,18,2,74,2,148,121,26,150,120,3,1,58,600,2
1149,154,120,134,18,2,74,2,148,123,26,149,119,3,1,58,600,2
1150,153,119,134,18,2,74,3,149,123,26,149,119,3,1,58,600,2
1151,153,119,134,18,2,74,3,149,124,26,149,119,3,1,59,610,2
1152,152,118,134,18,2,74,4,150,124,26,149,119,3,1,59,610,2
1153,152,118,134,18,2,74,4,150,125,26,148,119,3,1,59,610,2
1154,152,118,134,18,2,74,5,151,125,26,148,119,3,1,59,610,2
1155,152,118,134,18,2,74,5,151,126,26,148,119,3,1,59,610,2
1156,151,117,134,18,2,74,6,152,126,26,148,119,3,1,59,610,2
1157,151,117,134,18,2,74,6,152,127,26,147,120,3,1,59,610,2
1158,150,116,134,18,2,74,7,153,127,26,147,120,3,1,59,610,2
1159,150,116,134,18,2,74,7,153,128,26,147,120,3,1,59,610,2
1160,149,115,134,18,2,74,8,154,128,26,147,120,3,1,59,610,2
1161,149,115,134,18,2,74,8,154,130,26,146,121,3,1,59,610,2
1162,149,115,134,18,2,74,9,155,130,26,146,121,3,1,59,610,2
1163,149,115,134,18,2,74,9,155,131,26,146,121,3,1,59,610,2
1164,148,114,134,18,2,74,10,156,131,26,146,121,3,1,59,610,2
1165,148,114,134,18,2,74,10,156,133,26,145,123,3,1,60,620,2
1166,147,113,134,18,2,74,11,157,133,26,145,123,3,1,60,620,2
1167,147,113,134,18,2,74,11,157,134,26,145,123,3,1,60,620,2
1168,146,112,134,18,2,74,12,158,134,26,145,123,3,1,60,620,2
1169,146,112,134,18,2,74,12,158,135,26,144,123,3,1,60,620,2
1170,146,112,134,19,2,74,13,158,135,26,144,123,3,1,60,620,2
1171,146,112,134,19,2,74,13,158,136,26,144,123,3,1,60,620,2
1172,145,111,134,20,2,74,14,158,136,26,144,123,3,1,60,620,2
1173,145,111,134,20,2,74,14,158,137,26,143,121,3,1,60,620,2
1174,144,110,134,21,2,74,15,158,137,26,143,121,3,1,60,620,2
1175,144,110,134,21,2,74,15,158,138,26,143,121,3,1,60,620,2
1176,144,110,134,21,2,74,15,158,138,26,143,121,3,1,60,620,2
1177,144,110,134,21,2,74,15,158,140,26,142,120,3,1,61,630,2
1178,144,110,134,21,2,74,16,158,140,26,142,120,3,1,61,630,2
1179,144,110,134,21,2,74,16,158,141,26,142,120,3,1,61,630,2
1180,143,110,134,22,2,73,17,158,141,26,142,120,3,1,61,630,2
1181,143,110,134,22,2,73,17,158,142,26,141,119,3,1,61,630,2
1182,142,110,134,23,2,72,18,158,142,26,141,119,3,1,61,630,2
1183,142,110,134,23,2,72,18,158,143,26,141,119,3,1,61,630,2
1184,141,110,134,24,2,71,19,158,143,26,141,119,3,1,61,630,2
1185,141,110,134,24,2,71,19,158,144,26,140,119,3,1,61,630,2
1186,141,110,134,24,2,70,20,158,144,26,140,119,3,1,61,630,2
1187,141,110,134,24,2,70,20,158,145,26,140,119,3,1,61,630,2
1188,140,110,134,25,2,69,21,158,145,26,140,119,3,1,61,630,2
1189,140,110,134,25,2,69,21,158,147,26,139,120,3,1,61,630,2
1190,139,110,134,26,2,68,22,158,147,26,139,120,3,1,61,630,2
1191,139,110,134,26,2,68,22,158,148,26,139,120,3,1,62,630,2
1192,138,110,134,27,2,67,23,158,148,26,139,120,3,1,62,630,2
1193,138,110,134,27,2,67,23,158,149,26,138,121,3,1,62,630,2
1194,138,110,134,27,2,66,24,158,149,26,138,121,3,1,62,630,2
1195,138,110,134,27,2,66,24,158,150,26,138,121,3,1,62,630,2
1196,137,110,134,28,2,65,25,158,150,26,138,121,3,1,62,630,2
1197,137,110,134,28,2,65,25,158,151,26,137,123,3,1,62,630,2
1198,136,110,134,29,2,64,26,158,151,26,137,123,3,1,62,630,2
1199,136,110,134,29,2,64,26,158,152,26,137,123,3,1,62,630,2
1200,135,110,133,30,2,63,26,158,152,26,137,123,3,1,62,630,2
1201,135,110,133,30,2,63,26,158,154,26,136,123,3,1,62,630,2
1202,135,110,133,30,2,62,26,158,154,26,136,123,3,1,62,630,2
1203,135,110,133,30,2,62,26,158,155,26,136,123,3,1,62,630,2
1204,134,110,132,31,2,61,26,158,155,26,136,123,3,1,62,630,2
1205,134,110,132,31,2,61,26,158,157,26,135,121,3,1,63,640,2
1206,134,110,131,32,3,60,26,158,157,26,135,121,3,1,63,640,2
1207,134,110,131,32,3,60,26,158,158,26,135,121,3,1,63,640,2
1208,134,110,131,32,3,60,26,158,158,26,135,121,3,1,63,640,2
1209,134,110,131,32,3,60,26,158,158,25,135,118,3,0,63,640,2
1210,134,110,131,32,4,59,26,158,158,25,135,118,3,0,63,640,2
1211,134,110,131,32,4,59,26,158,158,23,135,118,3,0,63,640,2
1212,134,110,130,33,5,58,26,158,158,23,135,118,3,0,63,640,2
1213,134,110,130,33,5,58,26,158,158,22,135,114,3,0,63,640,2
1214,134,110,129,34,6,57,26,158,158,22,135,114,3,0,63,640,2
1215,134,110,129,34,6,57,26,158,158,20,135,114,3,0,63,640,2
1216,134,110,128,35,7,56,26,158,158,20,135,114,3,0,63,640,2
1217,134,110,128,35,7,56,26,158,158,18,135,113,3,0,63,640,2
1218,134,110,128,35,8,55,26,158,158,18,135,113,3,0,63,640,2
1219,134,110,128,35,8,55,26,158,158,16,135,113,3,0,63,640,2
1220,134,110,127,36,9,54,26,158,158,16,135,113,3,0,63,640,2
1221,134,110,127,36,9,54,26,158,158,14,135,113,3,0,63,640,2
1222,134,110,126,37,10,53,26,158,158,14,135,113,3,0,63,640,2
1223,134,110,126,37,10,53,26,158,158,12,135,113,3,0,63,640,2
1224,134,110,125,38,11,52,26,158,158,12,135,113,3,0,63,640,2
1225,134,110,125,38,11,52,26,158,158,10,135,114,3,0,63,640,2
1226,134,110,125,38,12,51,26,158,158,10,135,114,3,0,63,640,2
1227,134,110,125,38,12,51,26,158,158,8,135,114,3,0,64,690,2
1228,134,110,126,37,11,52,26,158,158,8,135,114,3,0,64,690,2
1229,134,110,126,37,11,52,26,158,158,6,135,114,3,0,64,690,2
1230,134,110,127,36,10,53,26,158,158,6,135,114,3,0,64,690,2
1231,134,110,127,36,10,53,26,158,158,4,135,114,3,0,64,690,2
1232,134,110,128,35,9,54,26,158,158,4,135,114,3,0,64,690,2
1233,134,110,128,35,9,54,26,158,158,2,135,113,3,0,65,700,2
1234,134,110,128,35,8,55,26,158,158,2,135,113,3,0,65,700,2
1235,134,110,128,35,8,55,26,158,158,2,135,113,3,0,65,700,2
1236,134,110,129,34,7,56,26,158,158,2,135,113,3,0,65,700,2
1237,134,110,129,34,7,56,26,158,158,2,135,109,3,0,65,700,2
1238,134,110,130,33,6,57,26,158,158,2,135,109,3,0,65,700,2
1239,134,110,130,33,6,57,26,158,157,2,135,109,3,3,65,700,2
1240,134,110,130,33,6,57,26,158,157,2,135,109,3,3,65,700,2
1241,134,110,130,33,6,57,26,158,156,2,135,106,3,3,65,700,2
1242,134,110,130,33,5,58,26,158,156,2,135,106,3,3,65,700,2
1243,134,110,130,33,5,58,26,158,155,2,135,106,3,3,65,700,2
1244,134,110,131,32,4,59,26,158,155,2,135,106,3,3,65,700,2
1245,134,110,131,32,4,59,26,158,153,2,135,102,3,3,65,700,2
1246,134,110,132,31,3,60,26,158,153,2,135,102,3,3,65,700,2
1247,134,110,132,31,3,60,26,158,152,2,135,102,3,3,65,700,2
1248,134,110,133,30,2,61,26,158,152,2,135,102,3,3,65,700,2
1249,134,110,133,30,2,61,26,158,150,2,135,101,3,3,66,710,2
1250,135,110,133,30,2,62,26,158,150,2,135,101,3,3,66,710,2
1251,135,110,133,30,2,62,26,158,149,2,135,101,3,3,66,710,2
1252,136,110,134,29,2,63,26,158,149,2,135,101,3,3,66,710,2
1253,136,110,134,29,2,63,26,158,148,2,135,101,3,3,66,710,2
1254,137,110,134,28,2,64,25,158,148,2,135,101,3,3,66,710,2
1255,137,110,134,28,2,64,25,158,147,2,135,101,3,3,66,710,2
1256,138,110,134,27,2,65,24,158,147,2,135,101,3,3,66,710,2
1257,138,110,134,27,2,65,24,158,146,2,135,102,3,3,66,710,2
1258,138,110,134,27,2,66,23,158,146,2,135,102,3,3,66,710,2
1259,138,110,134,27,2,66,23,158,145,2,135,102,3,3,66,710,2
1260,139,110,134,26,2,67,22,158,145,2,135,102,3,3,66,710,2
1261,139,110,134,26,2,67,22,158,143,2,135,102,3,3,67,720,2
1262,139,110,134,26,2,67,22,158,143,2,135,102,3,3,67,720,2
1263,139,110,134,26,2,67,22,158,143,2,135,102,3,3,67,720,2
1264,139,110,134,26,2,67,22,158,143,2,135,102,3,3,67,720,2
1265,139,110,134,26,2,67,22,158,143,2,135,102,3,3,67,720,2
1266,139,110,134,26,2,67,22,158,143,2,135,102,3,3,67,720,2
1267,139,110,134,26,2,67,22,158,143,2,135,102,3,3,67,720,2
1268,139,110,134,26,2,67,22,158,143,2,135,102,3,3,67,720,2
1269,139,110,134,26,2,67,22,158,143,2,135,102,3,3,67,720,2
1270,139,110,134,26,2,67,22,158,143,2,135,102,3,3,67,720,2
1271,139,110,134,26,2,67,22,158,143,2,135,102,3,3,67,720,2
1272,139,110,134,26,2,67,22,158,143,2,135,102,3,3,67,720,2
1273,139,110,134,26,2,67,22,158,143,2,135,102,3,3,67,720,2
1274,139,110,134,26,2,67,22,158,143,2,135,102,3,3,67,720,2
1275,139,110,134,26,2,67,22,158,143,2,135,102,3,3,67,720,2
1276,139,110,134,26,2,67,22,158,143,2,135,102,3,3,67,720,2
1277,139,110,134,26,2,67,22,158,143,2,135,102,3,3,67,720,2
1278,139,110,134,26,2,67,22,158,143,2,135,102,3,3,67,720,2
1279,139,110,134,26,2,67,22,158,143,2,135,102,3,3,67,720,2
1280,139,110,134,26,2,67,22,158,143,2,135,102,3,3,67,720,2
1281,139,110,134,26,2,67,22,158,142,2,135,101,3,3,67,720,2
1282,141,110,134,26,2,68,21,158,142,2,135,101,3,3,67,720,2
1283,141,110,134,26,2,68,21,158,141,2,135,101,3,3,67,720,2
1284,142,110,134,25,2,69,20,158,141,2,135,101,3,3,67,720,2
1285,142,110,134,25,2,69,20,158,140,2,135,97,3,3,67,720,2
1286,144,110,134,24,2,70,19,158,140,2,135,97,3,3,67,720,2
1287,144,110,134,24,2,70,19,158,139,2,135,97,3,3,67,720,2
1288,146,110,134,23,2,71,18,158,139,2,135,97,3,3,67,720,2
1289,146,110,134,23,2,71,18,158,137,2,134,96,3,3,67,720,2
1290,148,110,134,23,2,72,17,158,137,2,134,96,3,3,67,720,2
1291,148,110,134,23,2,72,17,158,136,2,134,96,3,3,67,720,2
1292,150,110,134,22,2,73,16,158,136,2,134,96,3,3,67,720,2
1293,150,110,134,22,2,73,16,158,134,2,133,95,3,3,68,720,2
1294,152,110,134,21,2,74,15,158,134,2,133,95,3,3,68,720,2
1295,152,110,134,21,2,74,15,158,134,4,133,95,3,2,68,720,2
1296,154,110,134,20,2,75,14,158,134,4,133,95,3,2,68,720,2
1297,154,110,134,20,2,75,14,158,134,5,132,95,3,2,68,720,2
1298,156,110,134,20,2,76,13,158,134,5,132,95,3,2,68,720,2
1299,156,110,134,20,2,76,13,158,134,7,132,95,3,2,68,720,2
1300,158,110,134,19,2,77,12,158,134,7,132,95,3,2,68,720,2
1301,158,110,134,19,2,77,12,158,134,8,131,96,3,2,68,720,2
1302,158,110,134,19,2,77,12,158,134,8,131,96,3,2,68,720,2
1303,158,110,134,19,2,77,12,158,134,8,131,96,3,2,68,720,2
1304,158,110,134,19,2,77,12,158,134,8,131,96,3,2,68,720,2
1305,158,110,134,19,2,77,12,158,134,8,131,96,3,2,68,720,2
1306,158,110,134,19,2,77,12,158,134,8,131,96,3,2,68,720,2
1307,158,110,134,19,2,77,12,158,134,8,131,96,3,2,68,720,2
1308,158,110,134,19,2,77,12,158,134,8,131,96,3,2,68,720,2
1309,158,110,134,19,2,77,12,158,134,8,131,96,3,2,68,720,2
1310,158,110,134,19,2,77,12,158,134,8,131,96,3,2,68,720,2
1311,158,110,134,19,2,77,12,158,134,8,131,96,3,2,68,720,2
1312,158,110,134,19,2,77,12,158,134,8,131,96,3,2,68,720,2
1313,158,110,134,19,2,77,12,158,134,8,131,96,3,2,68,720,2
1314,158,110,134,19,2,77,12,158,134,8,131,96,3,2,68,720,2
1315,158,110,134,19,2,77,12,158,134,8,131,96,3,2,68,720,2
1316,158,110,134,19,2,77,12,158,134,8,131,96,3,2,68,720,2
1317,158,110,134,19,2,77,12,158,134,8,131,96,3,2,68,720,2
1318,158,110,134,19,2,77,12,158,134,8,131,96,3,2,68,720,2
1319,158,110,134,19,2,77,12,158,134,8,131,96,3,2,68,720,2
1320,158,110,134,19,2,77,12,158,134,8,131,96,3,2,68,720,2
1321,158,110,134,19,2,77,12,158,134,10,130,97,3,2,69,730,2
1322,158,110,134,19,4,78,10,158,134,10,130,97,3,2,69,730,2
1323,158,110,134,19,4,78,10,158,134,12,130,97,3,2,69,730,2
1324,158,110,134,18,6,79,8,158,134,12,130,97,3,2,69,730,2
1325,158,110,134,18,6,79,8,158,134,13,129,99,3,2,69,730,2
1326,158,110,134,18,8,80,6,157,134,13,129,99,3,2,69,730,2
1327,158,110,134,18,8,80,6,157,134,15,129,99,3,2,69,730,2
1328,158,110,134,18,10,81,4,156,134,15,129,99,3,2,69,730,2
1329,158,110,134,18,10,81,4,156,134,16,128,99,3,2,69,730,2
1330,158,110,134,18,12,82,2,155,134,16,128,99,3,2,69,730,2
1331,158,110,134,18,12,82,2,155,134,18,128,99,3,2,69,730,2
1332,158,110,136,18,14,83,2,154,134,18,128,99,3,2,69,730,2
1333,158,110,136,18,14,83,2,154,134,20,127,97,3,2,69,730,2
1334,158,110,138,18,16,84,2,153,134,20,127,97,3,2,69,730,2
1335,158,110,138,18,16,84,2,153,134,22,127,97,3,2,69,730,2
1336,158,110,138,18,16,84,2,153,134,22,127,97,3,2,69,730,2
1337,158,110,138,18,16,84,2,153,134,24,126,96,3,2,69,730,2
1338,158,110,140,18,18,85,2,152,134,24,126,96,3,2,69,730,2
1339,158,110,140,18,18,85,2,152,134,26,126,96,3,2,69,730,2
1340,158,110,142,18,20,86,2,151,134,26,126,96,3,2,69,730,2
1341,158,110,142,18,20,86,2,151,134,28,125,95,3,2,69,730,2
1342,158,110,144,18,22,86,2,150,134,28,125,95,3,2,69,730,2
1343,158,110,144,18,22,86,2,150,134,30,125,95,3,2,69,730,2
1344,158,110,146,18,24,87,2,149,134,30,125,95,3,2,69,730,2
1345,158,110,146,18,24,87,2,149,134,32,124,95,3,2,69,730,2
1346,158,110,148,18,26,88,2,148,134,32,124,95,3,2,69,730,2
1347,158,110,148,18,26,88,2,148,134,34,124,95,3,2,70,740,2
1348,156,110,150,18,26,89,2,147,134,34,124,95,3,2,70,740,2
1349,156,110,150,18,26,89,2,147,134,35,123,96,3,2,70,740,2
1350,154,110,152,18,26,90,2,146,134,35,123,96,3,2,70,740,2
1351,154,110,152,18,26,90,2,146,134,37,123,96,3,2,70,740,2
1352,152,110,154,18,26,91,2,145,134,37,123,96,3,2,70,740,2
1353,152,110,154,18,26,91,2,145,134,38,122,97,3,2,70,740,2
1354,150,110,156,18,26,92,2,144,134,38,122,97,3,2,70,740,2
1355,150,110,156,18,26,92,2,144,134,40,122,97,3,2,70,740,2
1356,148,110,158,18,26,93,2,143,134,40,122,97,3,2,70,740,2
1357,148,110,158,18,26,93,2,143,134,42,121,99,3,2,70,740,2
1358,146,110,158,18,26,94,4,142,134,42,121,99,3,2,70,740,2
1359,146,110,158,18,26,94,4,142,134,44,121,99,3,2,70,740,2
1360,144,110,158,18,26,95,6,141,134,44,121,99,3,2,70,740,2
1361,144,110,158,18,26,95,6,141,134,46,120,99,3,2,71,750,2
1362,142,110,158,18,26,96,8,140,134,46,120,99,3,2,71,750,2
1363,142,110,158,18,26,96,8,140,134,48,120,99,3,2,71,750,2
1364,140,110,158,18,26,97,10,139,134,48,120,99,3,2,71,750,2
1365,140,110,158,18,26,97,10,139,134,49,119,97,3,2,71,750,2
1366,138,110,158,18,26,98,12,138,134,49,119,97,3,2,71,750,2
1367,138,110,158,18,26,98,12,138,134,50,119,97,3,2,71,750,2
1368,138,110,158,18,26,98,12,138,134,50,119,97,3,2,71,750,2
1369,138,110,158,18,26,98,12,138,133,50,118,96,3,3,71,750,2
1370,136,109,158,18,26,98,14,137,133,50,118,96,3,3,71,750,2
1371,136,109,158,18,26,98,14,137,132,50,118,96,3,3,71,750,2
1372,134,108,158,18,26,98,16,136,132,50,118,96,3,3,71,750,2
1373,134,108,158,18,26,98,16,136,130,50,117,95,3,3,71,750,2
1374,132,107,158,18,26,98,18,135,130,50,117,95,3,3,71,750,2
1375,132,107,158,18,26,98,18,135,129,50,117,95,3,3,71,750,2
1376,130,106,158,18,26,98,20,134,129,50,117,95,3,3,71,750,2
1377,130,106,158,18,26,98,20,134,127,50,116,95,3,3,72,760,2
1378,128,106,158,18,26,98,22,133,127,50,116,95,3,3,72,760,2
1379,128,106,158,18,26,98,22,133,126,50,116,95,3,3,72,760,2
1380,126,105,158,18,26,98,24,132,126,50,116,95,3,3,72,760,2
1381,126,105,158,18,26,98,24,132,125,50,115,96,3,3,72,760,2
1382,124,104,158,18,26,98,26,131,125,50,115,96,3,3,72,760,2
1383,124,104,158,18,26,98,26,131,124,50,115,96,3,3,72,760,2
1384,122,103,156,18,26,98,26,130,124,50,115,96,3,3,72,760,2
1385,122,103,156,18,26,98,26,130,123,50,114,97,3,3,72,760,2
1386,120,103,154,18,26,98,26,129,123,50,114,97,3,3,72,760,2
1387,120,103,154,18,26,98,26,129,122,50,114,97,3,3,72,760,2
1388,118,102,152,18,26,98,26,128,122,50,114,97,3,3,72,760,2
1389,118,102,152,18,26,98,26,128,120,50,113,99,3,3,72,760,2
1390,118,101,150,18,26,98,26,127,120,50,113,99,3,3,72,760,2
1391,118,101,150,18,26,98,26,127,119,50,113,99,3,3,73,770,2
1392,118,100,148,18,26,98,26,126,119,50,113,99,3,3,73,770,2
1393,118,100,148,18,26,98,26,126,118,50,112,99,3,3,73,770,2
1394,116,100,146,18,26,98,26,125,118,50,112,99,3,3,73,770,2
1395,116,100,146,18,26,98,26,125,117,50,112,99,3,3,73,770,2
1396,114,99,144,18,26,98,26,124,117,50,112,99,3,3,73,770,2
1397,114,99,144,18,26,98,26,124,116,50,111,97,3,3,73,770,2
1398,112,98,142,18,26,98,26,123,116,50,111,97,3,3,73,770,2
1399,112,98,142,18,26,98,26,123,115,50,111,97,3,3,73,770,2
1400,112,98,142,18,26,98,26,123,115,50,111,97,3,3,73,770,2
1401,112,98,142,18,26,98,26,123,113,50,110,96,3,3,73,770,2
1402,110,98,140,18,26,98,26,122,113,50,110,96,3,3,73,770,2
1403,110,98,140,18,26,98,26,122,112,50,110,96,3,3,73,770,2
1404,110,97,138,19,26,98,26,122,112,50,110,96,3,3,73,770,2
1405,110,97,138,19,26,98,26,122,110,50,109,95,3,3,74,780,2
1406,108,96,136,20,26,98,26,122,110,50,109,95,3,3,74,780,2
1407,108,96,136,20,26,98,26,122,109,50,109,95,3,3,74,780,2
1408,106,95,134,21,26,98,26,122,109,50,109,95,3,3,74,780,2
1409,106,95,134,21,26,98,26,122,108,50,108,95,3,3,74,780,2
1410,104,95,132,21,26,98,26,122,108,50,108,95,3,3,74,780,2
1411,104,95,132,21,26,98,26,122,107,50,108,95,3,3,74,780,2
1412,102,94,130,22,26,98,26,122,107,50,108,95,3,3,74,780,2
1413,102,94,130,22,26,98,26,122,106,50,107,96,3,3,74,780,2
1414,100,93,128,23,26,98,26,122,106,50,107,96,3,3,74,780,2
1415,100,93,128,23,26,98,26,122,105,50,107,96,3,3,74,780,2
1416,98,92,126,24,26,98,26,122,105,50,107,96,3,3,74,780,2
1417,98,92,126,24,26,98,26,122,103,50,106,97,3,3,75,790,2
1418,96,92,124,24,26,98,26,122,103,50,106,97,3,3,75,790,2
1419,96,92,124,24,26,98,26,122,102,50,106,97,3,3,75,790,2
1420,94,91,122,25,26,98,26,122,102,50,106,97,3,3,75,790,2
1421,94,91,122,25,26,98,26,122,101,50,105,99,3,3,75,790,2
1422,92,90,120,26,26,98,26,122,101,50,105,99,3,3,75,790,2
1423,92,90,120,26,26,98,26,122,100,50,105,99,3,3,75,790,2
1424,90,89,118,27,26,98,26,122,100,50,105,99,3,3,75,790,2
1425,90,89,118,27,26,98,26,122,99,50,104,99,3,3,75,790,2
1426,88,89,116,27,26,98,26,122,99,50,104,99,3,3,75,790,2
1427,88,89,116,27,26,98,26,122,98,50,104,99,3,3,75,790,2
1428,86,88,114,28,26,98,26,122,98,50,104,99,3,3,75,790,2
1429,86,88,114,28,26,98,26,122,96,50,103,97,3,3,75,790,2
1430,84,87,112,29,26,98,26,122,96,50,103,97,3,3,75,790,2
1431,84,87,112,29,26,98,26,122,95,50,103,97,3,3,76,800,2
1432,84,87,112,29,26,98,26,122,95,50,103,97,3,3,76,800,2
1433,84,87,112,29,26,98,26,122,94,50,102,96,3,3,76,800,2
1434,82,87,110,29,26,98,26,122,94,50,102,96,3,3,76,800,2
1435,82,87,110,29,26,98,26,122,93,50,102,96,3,3,76,800,2
1436,82,86,108,30,26,98,26,122,93,50,102,96,3,3,76,800,2
1437,82,86,108,30,26,98,26,122,92,50,101,95,3,3,76,800,2
1438,80,85,106,31,26,98,26,122,92,50,101,95,3,3,76,800,2
1439,80,85,106,31,26,98,26,122,91,50,101,95,3,3,76,800,2
1440,78,84,104,32,26,98,26,122,91,50,101,95,3,3,76,800,2
1441,78,84,104,32,26,98,26,122,89,50,100,95,3,3,76,800,2
1442,76,84,102,32,26,98,26,122,89,50,100,95,3,3,76,800,2
1443,76,84,102,32,26,98,26,122,88,50,100,95,3,3,76,800,2
1444,74,83,100,33,26,98,26,122,88,50,100,95,3,3,76,800,2
1445,74,83,100,33,26,98,26,122,86,50,99,96,3,3,76,800,2
1446,72,82,98,34,26,98,26,122,86,50,99,96,3,3,76,800,2
1447,72,82,98,34,26,98,26,122,85,50,99,96,3,3,76,800,2
1448,70,82,96,35,26,98,26,122,85,50,99,96,3,3,76,800,2
1449,70,82,96,35,26,98,26,122,83,50,98,97,3,3,77,810,2
1450,68,82,94,35,26,98,26,122,83,50,98,97,3,3,77,810,2
1451,68,82,94,35,26,98,26,122,82,50,98,97,3,3,77,810,2
1452,66,81,92,36,26,98,26,122,82,50,98,97,3,3,77,810,2
1453,66,81,92,36,26,98,26,122,81,50,97,99,3,3,77,810,2
1454,66,80,90,37,28,98,26,122,81,50,97,99,3,3,77,810,2
1455,66,80,90,37,28,98,26,122,80,50,97,99,3,3,77,810,2
1456,66,79,88,38,30,98,26,122,80,50,97,99,3,3,77,810,2
1457,66,79,88,38,30,98,26,122,79,50,96,99,3,3,77,810,2
1458,66,79,86,38,32,98,26,122,79,50,96,99,3,3,77,810,2
1459,66,79,86,38,32,98,26,122,78,50,96,99,3,3,77,810,2
1460,66,78,84,39,34,98,26,122,78,50,96,99,3,3,77,810,2
1461,66,78,84,39,34,98,26,122,76,50,95,97,3,3,77,810,2
1462,66,77,82,40,36,98,26,122,76,50,95,97,3,3,77,810,2
1463,66,77,82,40,36,98,26,122,75,50,95,97,3,3,78,810,2
1464,66,77,82,40,36,98,26,122,75,50,95,97,3,3,78,810,2
1465,66,77,82,40,36,98,26,122,74,50,94,96,3,3,78,810,2
1466,66,77,80,40,38,98,26,122,74,50,94,96,3,3,78,810,2
1467,66,77,80,40,38,98,26,122,73,50,94,96,3,3,78,810,2
1468,66,76,78,41,40,98,26,122,73,50,94,96,3,3,78,810,2
1469,66,76,78,41,40,98,26,122,72,50,93,95,3,3,78,810,2
1470,66,75,76,42,42,98,26,122,72,50,93,95,3,3,78,810,2
1471,66,75,76,42,42,98,26,122,71,50,93,95,3,3,78,810,2
1472,66,74,74,42,44,98,26,121,71,50,93,95,3,3,78,810,2
1473,66,74,74,42,44,98,26,121,69,50,92,95,3,3,78,810,2
1474,66,74,72,42,46,98,26,120,69,50,92,95,3,3,78,810,2
1475,66,74,72,42,46,98,26,120,68,50,92,95,3,3,78,810,2
1476,66,73,70,42,48,98,26,119,68,50,92,95,3,3,78,810,2
1477,66,73,70,42,48,98,26,119,66,50,91,96,3,3,78,810,2
1478,66,72,68,42,50,98,26,118,66,50,91,96,3,3,78,810,2
1479,66,72,68,42,50,98,26,118,66,48,91,96,3,0,78,810,2
1480,68,71,66,42,50,98,26,117,66,48,91,96,3,0,78,810,2
1481,68,71,66,42,50,98,26,117,66,46,90,97,3,0,78,810,2
1482,70,71,66,42,50,98,28,116,66,46,90,97,3,0,78,810,2
1483,70,71,66,42,50,98,28,116,66,44,90,97,3,0,78,810,2
1484,72,70,66,42,50,98,30,115,66,44,90,97,3,0,78,810,2
1485,72,70,66,42,50,98,30,115,66,42,89,99,3,0,78,810,2
1486,74,69,66,42,50,98,32,114,66,42,89,99,3,0,78,810,2
1487,74,69,66,42,50,98,32,114,66,40,89,99,3,0,78,810,2
1488,76,68,66,42,50,98,34,113,66,40,89,99,3,0,78,810,2
1489,76,68,66,42,50,98,34,113,66,38,88,99,3,0,78,810,2
1490,78,68,66,42,50,98,36,112,66,38,88,99,3,0,78,810,2
1491,78,68,66,42,50,98,36,112,66,36,88,99,3,0,78,810,2
1492,80,67,66,42,50,98,38,111,66,36,88,99,3,0,78,810,2
1493,80,67,66,42,50,98,38,111,66,34,87,97,3,0,78,810,2
1494,82,66,66,42,50,98,40,110,66,34,87,97,3,0,78,810,2
1495,82,66,66,42,50,98,40,110,66,32,87,97,3,0,78,810,2
1496,82,66,66,42,50,98,40,110,66,32,87,97,3,0,78,810,2
1497,82,66,66,42,50,98,40,110,66,30,86,96,3,0,78,810,2
1498,82,66,66,42,50,98,42,109,66,30,86,96,3,0,78,810,2
1499,82,66,66,42,50,98,42,109,66,28,86,96,3,0,78,810,2
1500,82,65,66,42,50,98,44,108,66,28,86,96,3,0,78,810,2
1501,82,65,66,42,50,98,44,108,66,26,85,95,3,0,78,810,2
1502,84,64,66,42,50,98,46,107,66,26,85,95,3,0,78,810,2
1503,84,64,66,42,50,98,46,107,67,26,85,95,3,1,78,810,2
1504,86,63,66,42,50,98,48,106,67,26,85,95,3,1,78,810,2
1505,86,63,66,42,50,98,48,106,69,26,84,95,3,1,78,810,2
1506,88,63,66,42,50,98,50,105,69,26,84,95,3,1,78,810,2
1507,88,63,66,42,50,98,50,105,70,26,84,95,3,1,78,810,2
1508,88,62,68,42,51,98,50,104,70,26,84,95,3,1,78,810,2
1509,88,62,68,42,51,98,50,104,72,26,83,96,3,1,79,820,2
1510,88,61,70,42,52,98,50,103,72,26,83,96,3,1,79,820,2
1511,88,61,70,42,52,98,50,103,73,26,83,96,3,1,79,820,2
1512,88,60,72,42,53,98,50,102,73,26,83,96,3,1,79,820,2
1513,88,60,72,42,53,98,50,102,74,26,82,97,3,1,79,820,2
1514,88,60,74,42,54,98,50,101,74,26,82,97,3,1,79,820,2
1515,88,60,74,42,54,98,50,101,75,26,82,97,3,1,79,820,2
1516,88,59,76,42,55,98,50,100,75,26,82,97,3,1,79,820,2
1517,88,59,76,42,55,98,50,100,76,26,81,99,3,1,79,820,2
1518,88,58,78,42,56,98,50,99,76,26,81,99,3,1,79,820,2
1519,88,58,78,42,56,98,50,99,77,26,81,99,3,1,79,820,2
1520,88,57,80,42,57,98,50,98,77,26,81,99,3,1,79,820,2
1521,88,57,80,42,57,98,50,98,79,26,80,99,3,1,79,820,2
1522,88,57,82,43,58,98,50,98,79,26,80,99,3,1,79,820,2
1523,88,57,82,43,58,98,50,98,80,26,80,99,3,1,80,830,2
1524,88,56,84,44,59,98,50,98,80,26,80,99,3,1,80,830,2
1525,88,56,84,44,59,98,50,98,81,26,79,97,3,1,80,830,2
1526,88,55,86,45,60,98,50,98,81,26,79,97,3,1,80,830,2
1527,88,55,86,45,60,98,50,98,82,26,79,97,3,1,80,830,2
1528,88,55,86,45,60,98,50,98,82,26,79,97,3,1,80,830,2
1529,88,55,86,45,60,98,50,98,83,26,78,96,3,1,80,830,2
1530,88,55,88,45,61,98,50,98,83,26,78,96,3,1,80,830,2
1531,88,55,88,45,61,98,50,98,84,26,78,96,3,1,80,830,2
1532,88,54,88,46,62,98,52,98,84,26,78,96,3,1,80,830,2
1533,88,54,88,46,62,98,52,98,86,26,77,95,3,1,80,830,2
1534,88,53,88,47,63,98,53,98,86,26,77,95,3,1,80,830,2
1535,88,53,88,47,63,98,53,98,87,26,77,95,3,1,80,830,2
1536,88,52,88,48,64,98,54,98,87,26,77,95,3,1,80,830,2
1537,88,52,88,48,64,98,54,98,89,26,76,95,3,1,80,830,2
1538,88,52,88,48,65,98,55,98,89,26,76,95,3,1,80,830,2
1539,88,52,88,48,65,98,55,98,90,26,76,95,3,1,80,830,2
1540,88,51,88,49,66,98,57,98,90,26,76,95,3,1,80,830,2
1541,88,51,88,49,66,98,57,98,92,26,75,96,3,1,81,840,2
1542,87,50,88,50,66,98,58,98,92,26,75,96,3,1,81,840,2
1543,87,50,88,50,66,98,58,98,93,26,75,96,3,1,81,840,2
1544,85,50,88,51,66,98,59,98,93,26,75,96,3,1,81,840,2
1545,85,50,88,51,66,98,59,98,94,26,74,97,3,1,81,840,2
1546,84,50,88,51,66,98,60,98,94,26,74,97,3,1,81,840,2
1547,84,50,88,51,66,98,60,98,95,26,74,97,3,1,81,840,2
1548,82,49,88,52,66,98,62,98,95,26,74,97,3,1,81,840,2
1549,82,49,88,52,66,98,62,98,96,26,73,99,3,1,81,840,2
1550,82,48,88,53,67,98,63,98,96,26,73,99,3,1,81,840,2
1551,82,48,88,53,67,98,63,98,97,26,73,99,3,1,81,840,2
1552,82,47,88,54,69,98,64,98,97,26,73,99,3,1,81,840,2
1553,82,47,88,54,69,98,64,98,99,26,72,99,3,1,81,840,2
1554,82,47,88,54,70,98,65,98,99,26,72,99,3,1,81,840,2
1555,82,47,88,54,70,98,65,98,100,26,72,99,3,1,82,850,2
1556,82,46,87,55,72,98,66,98,100,26,72,99,3,1,82,850,2
1557,82,46,87,55,72,98,66,98,101,26,71,97,3,1,82,850,2
1558,82,45,86,56,73,98,66,98,101,26,71,97,3,1,82,850,2
1559,82,45,86,56,73,98,66,98,102,26,71,97,3,1,82,850,2
1560,82,45,86,56,73,98,66,98,102,26,71,97,3,1,82,850,2
1561,82,45,86,56,73,98,66,98,103,26,70,96,3,1,82,850,2
1562,82,45,85,56,74,98,66,98,103,26,70,96,3,1,82,850,2
1563,82,45,85,56,74,98,66,98,104,26,70,96,3,1,82,850,2
1564,82,44,83,57,76,98,66,98,104,26,70,96,3,1,82,850,2
1565,82,44,83,57,76,98,66,98,106,26,69,95,3,1,82,850,2
1566,82,43,82,58,77,98,66,98,106,26,69,95,3,1,82,850,2
1567,82,43,82,58,77,98,66,98,107,26,69,95,3,1,82,850,2
1568,82,42,82,59,79,98,67,98,107,26,69,95,3,1,82,850,2
1569,82,42,82,59,79,98,67,98,109,26,68,95,3,1,83,860,2
1570,82,42,82,59,80,98,68,98,109,26,68,95,3,1,83,860,2
1571,82,42,82,59,80,98,68,98,110,26,68,95,3,1,83,860,2
1572,84,42,82,60,80,99,70,98,110,26,68,95,3,1,83,860,2
1573,84,42,82,60,80,99,70,98,110,27,67,96,3,2,83,860,2
1574,85,42,82,61,80,100,71,98,110,27,67,96,3,2,83,860,2
1575,85,42,82,61,80,100,71,98,110,29,67,96,3,2,83,860,2
1576,87,42,82,62,80,101,72,98,110,29,67,96,3,2,83,860,2
1577,87,42,82,62,80,101,72,98,110,30,67,97,3,2,83,860,2
1578,88,42,82,62,80,102,73,98,110,30,67,97,3,2,83,860,2
1579,88,42,82,62,80,102,73,98,110,32,67,97,3,2,83,860,2
1580,90,42,82,63,80,103,75,98,110,32,67,97,3,2,83,860,2
1581,90,42,82,63,80,103,75,98,110,34,67,97,3,2,84,870,2
1582,91,42,82,64,80,104,76,98,110,34,67,97,3,2,84,870,2
1583,91,42,82,64,80,104,76,98,110,36,67,97,3,2,84,870,2
1584,93,42,82,65,80,105,77,98,110,36,67,97,3,2,84,870,2
1585,93,42,82,65,80,105,77,98,110,37,67,96,3,2,84,870,2
1586,94,42,82,65,80,106,78,98,110,37,67,96,3,2,84,870,2
1587,94,42,82,65,80,106,78,98,110,39,67,96,3,2,84,870,2
1588,94,42,82,66,78,107,80,98,110,39,67,96,3,2,84,870,2
1589,94,42,82,66,78,107,80,98,110,40,67,92,3,2,84,870,2
1590,94,42,83,67,77,108,80,98,110,40,67,92,3,2,84,870,2
1591,94,42,83,67,77,108,80,98,110,42,67,92,3,2,84,870,2
1592,94,42,83,67,77,108,80,98,110,42,67,92,3,2,84,870,2
1593,94,42,83,67,77,108,80,98,110,44,67,89,3,2,84,870,2
1594,94,42,84,67,76,109,80,98,110,44,67,89,3,2,84,870,2
1595,94,42,84,67,76,109,80,98,110,46,67,89,3,2,84,870,2
1596,94,42,86,68,74,110,80,98,110,46,67,89,3,2,84,870,2
1597,94,42,86,68,74,110,80,98,110,48,67,85,3,2,84,870,2
1598,94,42,87,69,73,111,80,98,110,48,67,85,3,2,84,870,2
1599,94,42,87,69,73,111,80,98,110,50,67,85,3,2,84,870,2
1600,94,42,88,70,71,112,80,98,110,50,67,85,3,2,84,870,2
1601,94,42,88,70,71,112,80,98,110,52,67,84,3,2,84,870,2
1602,94,42,89,70,70,113,80,98,110,52,67,84,3,2,84,870,2
1603,94,42,89,70,70,113,80,98,110,54,67,84,3,2,84,870,2
1604,94,42,91,71,68,114,80,98,110,54,67,84,3,2,84,870,2
1605,94,42,91,71,68,114,80,98,110,56,67,84,3,2,84,870,2
1606,94,42,92,72,67,115,80,98,110,56,67,84,3,2,84,870,2
1607,94,42,92,72,67,115,80,98,110,58,67,84,3,2,85,880,2
1608,93,42,93,73,66,116,80,98,110,58,67,84,3,2,85,880,2
1609,93,42,93,73,66,116,80,98,110,59,67,85,3,2,85,880,2
1610,92,42,94,73,66,117,80,98,110,59,67,85,3,2,85,880,2
1611,92,42,94,73,66,117,80,98,110,61,67,85,3,2,85,880,2
1612,90,42,94,74,66,118,78,98,110,61,67,85,3,2,85,880,2
1613,90,42,94,74,66,118,78,98,110,62,67,85,3,2,85,880,2
1614,89,42,94,75,66,119,77,98,110,62,67,85,3,2,85,880,2
1615,89,42,94,75,66,119,77,98,110,64,67,85,3,2,85,880,2
1616,88,42,94,76,65,120,76,98,110,64,67,85,3,2,85,880,2
1617,88,42,94,76,65,120,76,98,110,66,67,84,3,2,85,880,2
1618,88,42,94,76,64,121,75,98,110,66,67,84,3,255,85,880,2
1619,88,42,94,76,64,121,75,98,110,68,67,84,3,2,85,880,2
1620,88,42,94,77,62,122,73,98,110,68,67,84,3,255,85,880,2
1621,88,42,94,77,62,122,73,98,110,70,67,80,3,2,86,890,2
1622,88,41,94,78,61,122,72,98,110,70,67,80,3,255,86,890,2
1623,88,41,94,78,61,122,72,98,110,72,67,80,3,2,86,890,2
1624,88,41,94,78,61,122,72,98,110,72,67,80,3,255,86,890,2
1625,88,41,94,78,61,122,72,98,110,73,67,77,3,2,86,890,2
1626,88,41,94,78,60,122,71,98,110,73,67,77,3,255,86,890,2
1627,88,41,94,78,60,122,71,98,111,74,67,77,3,1,86,890,2
1628,88,40,94,79,58,122,69,98,111,74,67,77,3,255,86,890,2
1629,88,40,94,79,58,122,69,98,112,74,67,73,3,1,86,890,2
1630,88,39,94,80,57,122,68,98,112,74,67,73,3,255,86,890,2
1631,88,39,94,80,57,122,68,98,113,74,67,73,3,1,86,890,2
1632,88,38,94,81,55,122,67,98,113,74,67,73,3,255,86,890,2
1633,88,38,94,81,55,122,67,98,115,74,67,72,3,1,86,890,2
1634,88,38,94,81,54,122,66,98,115,74,67,72,3,255,86,890,2
1635,88,38,94,81,54,122,66,98,116,74,67,72,3,1,87,900,2
1636,88,37,92,82,52,122,66,98,116,74,67,72,3,255,87,900,2
1637,88,37,92,82,52,122,66,98,117,74,67,72,3,1,87,900,2
1638,88,36,91,83,51,122,66,98,117,74,67,72,3,255,87,900,2
1639,88,36,91,83,51,122,66,98,118,74,67,72,3,1,87,900,2
1640,89,35,90,84,50,122,66,98,118,74,67,72,3,255,87,900,2
1641,89,35,90,84,50,122,66,98,119,74,67,73,3,1,87,900,2
1642,90,35,89,84,50,122,66,98,119,74,67,73,3,255,87,900,2
1643,90,35,89,84,50,122,66,98,120,74,67,73,3,1,87,900,2
1644,91,34,87,85,50,122,66,98,120,74,67,73,3,255,87,900,2
1645,91,34,87,85,50,122,66,98,122,74,67,73,3,1,87,900,2
1646,92,33,85,86,50,122,66,98,122,74,67,73,3,255,87,900,2
1647,92,33,85,86,50,122,66,98,123,74,67,73,3,1,87,900,2
1648,93,32,84,87,50,122,66,98,123,74,67,73,3,255,87,900,2
1649,93,32,84,87,50,122,66,98,125,74,67,72,3,1,88,900,2
1650,94,32,82,87,50,122,66,98,125,74,67,72,3,255,88,900,2
1651,94,32,82,87,50,122,66,98,126,74,67,72,3,1,88,900,2
1652,95,31,82,88,50,122,68,98,126,74,67,72,3,255,88,900,2
1653,95,31,82,88,50,122,68,98,127,74,67,68,3,1,88,900,2
1654,96,30,82,89,50,122,70,98,127,74,67,68,3,255,88,900,2
1655,96,30,82,89,50,122,70,98,128,74,67,68,3,1,88,900,2
1656,96,30,82,89,50,122,70,98,128,74,67,68,3,255,88,900,2
1657,96,30,82,89,50,122,70,98,129,74,67,65,3,1,88,900,2
1658,97,30,82,89,50,122,72,98,129,74,67,65,3,255,88,900,2
1659,97,30,82,89,50,122,72,98,130,74,67,65,3,1,88,900,2
1660,98,29,82,90,50,122,74,98,130,74,67,65,3,255,88,900,2
1661,98,29,82,90,50,122,74,98,132,74,67,61,3,1,89,910,2
1662,99,28,82,91,50,122,76,98,132,74,67,61,3,255,89,910,2
1663,99,28,82,91,50,122,76,98,133,74,67,61,3,1,89,910,2
1664,100,27,82,92,50,122,77,98,133,74,67,61,3,255,89,910,2
1665,100,27,82,92,50,122,77,98,134,74,67,60,3,1,89,910,2
1666,101,27,82,92,50,122,79,98,134,74,67,60,3,255,89,910,2
1667,101,27,82,92,50,122,79,98,135,74,67,60,3,1,89,910,2
1668,102,26,83,93,50,122,80,98,135,74,67,60,3,255,89,910,2
1669,102,26,83,93,50,122,80,98,136,74,67,60,3,1,89,910,2
1670,102,25,85,94,50,122,80,98,136,74,67,60,3,255,89,910,2
1671,102,25,85,94,50,122,80,98,137,74,67,60,3,1,89,910,2
1672,103,24,86,95,50,122,80,98,137,74,67,60,3,255,89,910,2
1673,103,24,86,95,50,122,80,98,139,74,67,61,3,1,89,910,2
1674,104,24,88,95,50,122,80,98,139,74,67,61,3,255,89,910,2
1675,104,24,88,95,50,122,80,98,140,74,67,61,3,1,90,920,2
1676,105,23,90,96,50,122,80,98,140,74,67,61,3,255,90,920,2
1677,105,23,90,96,50,122,80,98,141,74,67,61,3,1,90,920,2
1678,106,22,92,97,50,122,80,98,141,74,67,61,3,255,90,920,2
1679,106,22,92,97,50,122,80,98,142,74,67,61,3,1,90,920,2
1680,107,21,93,98,50,122,80,98,142,74,67,61,3,255,90,920,2
1681,107,21,93,98,50,122,80,98,143,74,67,60,3,1,90,920,2
1682,108,21,94,98,50,122,79,98,143,74,67,60,3,255,90,920,2
1683,108,21,94,98,50,122,79,98,144,74,67,60,3,1,90,920,2
1684,109,20,94,99,50,122,77,98,144,74,67,60,3,255,90,920,2
1685,109,20,94,99,50,122,77,98,146,74,67,56,3,1,90,920,2
1686,110,19,94,100,50,122,75,98,146,74,67,56,3,255,90,920,2
1687,110,19,94,100,50,122,75,98,147,74,67,56,3,1,90,920,2
1688,110,19,94,100,50,122,75,98,147,74,67,56,3,255,90,920,2
1689,110,19,94,100,50,122,75,98,149,74,67,53,3,1,91,930,2
1690,111,19,94,100,50,122,73,98,149,74,67,53,3,1,91,930,2
1691,111,19,94,100,50,122,73,98,150,74,67,53,3,1,91,930,2
1692,112,18,94,101,50,122,71,98,150,74,67,53,3,1,91,930,2
1693,112,18,94,101,50,122,71,98,150,73,67,49,3,0,91,930,2
1694,113,18,94,102,50,123,69,98,150,73,67,49,3,0,91,930,2
1695,113,18,94,102,50,123,69,98,150,71,67,49,3,0,91,930,2
1696,114,18,94,103,50,124,68,98,150,71,67,49,3,0,91,930,2
1697,114,18,94,103,50,124,68,98,150,70,67,48,3,0,91,930,2
1698,115,18,94,103,50,125,66,98,150,70,67,48,3,0,91,930,2
1699,115,18,94,103,50,125,66,98,150,68,67,48,3,0,91,930,2
1700,116,18,92,104,50,126,66,98,150,68,67,48,3,0,91,930,2
1701,116,18,92,104,50,126,66,98,150,66,67,48,3,0,91,930,2
1702,117,18,90,105,50,127,66,98,150,66,67,48,3,0,91,930,2
1703,117,18,90,105,50,127,66,98,150,64,67,48,3,0,91,930,2
1704,118,18,89,106,50,128,66,98,150,64,67,48,3,255,91,930,2
1705,118,18,89,106,50,128,66,98,150,62,68,49,3,0,92,940,2
1706,119,18,87,106,50,129,66,98,150,62,68,49,3,255,92,940,2
1707,119,18,87,106,50,129,66,98,150,60,68,49,3,0,92,940,2
1708,120,18,85,107,50,130,66,98,150,60,68,49,3,255,92,940,2
1709,120,18,85,107,50,130,66,98,150,59,69,51,3,0,92,940,2
1710,121,18,84,108,50,131,66,98,150,59,69,51,3,255,92,940,2
1711,121,18,84,108,50,131,66,98,150,57,69,51,3,0,92,940,2
1712,122,18,83,109,50,132,66,98,150,57,69,51,3,255,92,940,2
1713,122,18,83,109,50,132,66,98,150,56,70,51,3,0,92,940,2
1714,123,18,82,109,50,133,66,98,150,56,70,51,3,255,92,940,2
1715,123,18,82,109,50,133,66,98,150,54,70,51,3,0,92,940,2
1716,124,18,82,110,50,134,68,98,150,54,70,51,3,255,92,940,2
1717,124,18,82,110,50,134,68,98,150,52,71,49,3,0,92,940,2
1718,125,18,82,110,50,134,69,97,150,52,71,49,3,255,92,940,2
1719,125,18,82,110,50,134,69,97,150,50,71,49,3,0,93,950,2
1720,125,18,82,110,50,134,69,97,150,50,71,49,3,255,93,950,2
1721,125,18,82,110,50,134,69,97,151,50,72,48,3,1,93,950,2
1722,126,18,82,110,50,135,70,96,151,50,72,48,3,255,93,950,2
1723,126,18,82,110,50,135,70,96,152,50,72,48,3,1,93,950,2
1724,127,18,82,110,50,136,72,95,152,50,72,48,3,255,93,950,2
1725,127,18,82,110,50,136,72,95,153,50,73,47,3,1,93,950,2
1726,128,18,82,110,50,137,73,94,153,50,73,47,3,255,93,950,2
1727,128,18,82,110,50,137,73,94,154,50,73,47,3,1,93,950,2
1728,129,18,82,110,50,138,74,93,154,50,73,47,3,255,93,950,2
1729,129,18,82,110,50,138,74,93,156,50,74,47,3,1,94,960,2
1730,130,18,82,110,50,139,75,92,156,50,74,47,3,255,94,960,2
1731,130,18,82,110,50,139,75,92,157,50,74,47,3,1,94,960,2
1732,131,18,82,110,50,140,77,91,157,50,74,47,3,255,94,960,2
1733,131,18,82,110,50,140,77,91,158,50,75,48,3,1,94,960,2
1734,132,18,82,110,50,141,78,90,158,50,75,48,3,255,94,960,2
1735,132,18,82,110,50,141,78,90,157,50,75,48,3,3,94,960,2
1736,133,18,82,110,50,142,79,89,157,50,75,48,3,255,94,960,2
1737,133,18,82,110,50,142,79,89,156,50,76,49,3,3,94,960,2
1738,134,18,82,110,50,143,80,88,156,50,76,49,3,255,94,960,2
1739,134,18,82,110,50,143,80,88,155,50,76,49,3,3,94,960,2
1740,134,18,84,110,48,144,80,87,155,50,76,49,3,255,94,960,2
1741,134,18,84,110,48,144,80,87,153,50,77,51,3,3,94,960,2
1742,134,18,85,110,47,145,80,86,153,50,77,51,3,255,94,960,2
1743,134,18,85,110,47,145,80,86,152,50,77,51,3,3,94,960,2
1744,134,18,86,110,45,146,80,85,152,50,77,51,3,255,94,960,2
1745,134,18,86,110,45,146,80,85,150,50,78,51,3,3,94,960,2
1746,134,18,87,110,44,147,80,84,150,50,78,51,3,255,94,960,2
1747,134,18,87,110,44,147,80,84,150,48,78,51,3,0,94,960,2
1748,134,18,89,110,42,148,80,82,150,48,78,51,3,255,94,960,2
1749,134,18,89,110,42,148,80,82,150,46,79,49,3,0,94,960,2
1750,134,18,90,110,41,150,80,80,150,46,79,49,3,255,94,960,2
1751,134,18,90,110,41,150,80,80,150,44,79,49,3,0,94,960,2
1752,134,18,90,110,41,150,80,80,150,44,79,49,3,255,94,960,2
1753,134,18,90,110,41,150,80,80,150,42,80,48,3,0,94,960,2
1754,134,18,91,110,40,152,80,78,150,42,80,48,3,255,94,960,2
1755,134,18,91,110,40,152,80,78,150,40,80,48,3,0,94,960,2
1756,134,18,93,110,38,153,80,76,150,40,80,48,3,255,94,960,2
1757,134,18,93,110,38,153,80,76,150,38,81,47,3,0,95,970,2
1758,134,18,94,110,37,155,80,75,150,38,81,47,3,255,95,970,2
1759,134,18,94,110,37,155,80,75,150,36,81,47,3,0,95,970,2
1760,134,18,94,110,35,157,79,73,150,36,81,47,3,255,95,970,2
1761,134,18,94,110,35,157,79,73,150,35,82,47,3,0,95,970,2
1762,134,19,94,110,34,158,78,71,150,35,82,47,3,255,95,970,2
1763,134,19,94,110,34,158,78,71,150,37,82,47,3,2,95,970,2
1764,134,20,94,110,32,158,76,69,150,37,82,47,3,255,95,970,2
1765,134,20,94,110,32,158,76,69,150,38,83,48,3,2,95,970,2
1766,134,21,94,110,31,158,75,67,150,38,83,48,3,255,95,970,2
1767,134,21,94,110,31,158,75,67,150,40,83,48,3,2,95,970,2
1768,134,22,94,110,29,158,74,65,150,40,83,48,3,255,95,970,2
1769,134,22,94,110,29,158,74,65,150,42,84,49,3,2,95,970,2
1770,134,23,94,110,28,158,73,63,150,42,84,49,3,255,95,970,2
1771,134,23,94,110,28,158,73,63,150,44,84,49,3,2,95,970,2
1772,134,24,94,110,26,158,71,61,150,44,84,49,3,255,95,970,2
1773,134,24,94,110,26,158,71,61,150,46,85,51,3,2,95,970,2
1774,135,25,94,110,26,158,70,60,150,46,85,51,3,255,95,970,2
1775,135,25,94,110,26,158,70,60,150,48,85,51,3,2,95,970,2
1776,136,27,94,110,26,158,69,58,150,48,85,51,3,255,95,970,2
1777,136,27,94,110,26,158,69,58,150,50,86,51,3,2,95,970,2
1778,137,28,94,110,26,158,68,56,150,50,86,51,3,255,95,970,2
1779,137,28,94,110,26,158,68,56,150,52,86,51,3,2,95,970,2
1780,138,29,94,110,26,158,66,54,150,52,86,51,3,255,95,970,2
1781,138,29,94,110,26,158,66,54,150,54,87,49,3,2,95,970,2
1782,139,30,93,110,26,158,66,52,150,54,87,49,3,255,95,970,2
1783,139,30,93,110,26,158,66,52,150,56,87,49,3,2,95,970,2
1784,139,30,93,110,26,158,66,52,150,56,87,49,3,255,95,970,2
1785,139,30,93,110,26,158,66,52,150,58,88,48,3,2,95,970,2
1786,140,31,92,110,26,158,66,50,150,58,88,48,3,255,95,970,2
1787,140,31,92,110,26,158,66,50,150,60,88,48,3,2,95,970,2
1788,141,32,90,111,26,158,66,50,150,60,88,48,3,255,95,970,2
1789,141,32,90,111,26,158,66,50,150,62,89,47,3,2,95,970,2
1790,142,33,89,112,26,158,66,50,150,62,89,47,3,255,95,970,2
1791,142,33,89,112,26,158,66,50,150,64,89,47,3,2,95,970,2
1792,142,35,88,113,26,158,66,50,150,64,89,47,3,255,95,970,2
1793,142,35,88,113,26,158,66,50,150,66,90,47,3,2,95,970,2
1794,143,36,86,115,26,158,66,50,150,66,90,47,3,2,95,970,2
1795,143,36,86,115,26,158,66,50,150,68,90,47,3,2,95,970,2
1796,144,37,84,116,26,158,66,50,150,68,90,47,3,2,95,970,2
1797,144,37,84,116,26,158,66,50,150,70,91,48,3,2,95,970,2
1798,145,38,82,118,26,158,66,50,150,70,91,48,3,2,95,970,2
1799,145,38,82,118,26,158,66,50,150,72,91,48,3,2,95,970,2
1800,146,39,82,119,26,158,67,50,150,72,91,48,3,2,95,970,2
1801,146,39,82,119,26,158,67,50,150,74,92,49,3,2,95,970,2
1802,147,40,82,121,26,158,69,50,150,74,92,49,3,2,95,970,2
1803,147,40,82,121,26,158,69,50,150,76,92,49,3,2,95,970,2
1804,148,41,82,122,26,158,71,50,150,76,92,49,3,2,95,970,2
1805,148,41,82,122,26,158,71,50,150,78,93,51,3,2,95,970,2
1806,149,42,82,123,26,158,73,50,150,78,93,51,3,2,95,970,2
1807,149,42,82,123,26,158,73,50,150,80,93,51,3,2,95,970,2
1808,150,42,82,124,26,156,74,50,150,80,93,51,3,2,95,970,2
1809,150,42,82,124,26,156,74,50,150,82,94,51,3,2,96,980,2
1810,151,42,82,126,26,154,76,50,150,82,94,51,3,2,96,980,2
1811,151,42,82,126,26,154,76,50,150,84,94,51,3,2,96,980,2
1812,152,42,82,127,26,153,78,50,150,84,94,51,3,2,96,980,2
1813,152,42,82,127,26,153,78,50,150,85,95,49,3,2,96,980,2
1814,153,42,82,129,26,151,80,50,150,85,95,49,3,2,96,980,2
1815,153,42,82,129,26,151,80,50,150,87,95,49,3,2,96,980,2
1816,153,42,82,129,26,151,80,50,150,87,95,49,3,2,96,980,2
1817,153,42,82,129,26,151,80,50,150,88,96,48,3,2,96,980,2
1818,154,42,84,131,26,149,80,50,150,88,96,48,3,2,96,980,2
1819,154,42,84,131,26,149,80,50,150,90,96,48,3,2,96,980,2
1820,155,42,86,132,26,148,80,50,150,90,96,48,3,2,96,980,2
1821,155,42,86,132,26,148,80,50,150,92,97,47,3,2,96,980,2
1822,156,42,88,133,26,146,80,50,150,92,97,47,3,2,96,980,2
1823,156,42,88,133,26,146,80,50,150,94,97,47,3,2,97,990,2
1824,157,42,89,134,26,144,80,50,150,94,97,47,3,2,97,990,2
1825,157,42,89,134,26,144,80,50,150,95,98,47,3,2,97,990,2
1826,158,42,91,134,26,142,80,48,150,95,98,47,3,2,97,990,2
1827,158,42,91,134,26,142,80,48,150,97,98,47,3,2,97,990,2
1828,158,42,93,134,24,141,80,46,150,97,98,47,3,2,97,990,2
1829,158,42,93,134,24,141,80,46,150,98,99,48,3,2,97,990,2
1830,158,42,94,134,23,139,79,44,150,98,99,48,3,2,97,990,2
1831,158,42,94,134,23,139,79,44,151,98,99,48,3,1,97,990,2
1832,158,42,94,134,21,138,78,42,151,98,99,48,3,1,97,990,2
1833,158,42,94,134,21,138,78,42,153,98,100,49,3,1,97,990,2
1834,158,42,94,134,20,136,76,40,153,98,100,49,3,1,97,990,2
1835,158,42,94,134,20,136,76,40,154,98,100,49,3,1,97,990,2
1836,158,42,94,134,18,135,74,38,154,98,100,49,3,1,97,990,2
1837,158,42,94,134,18,135,74,38,156,98,101,51,3,1,98,990,2
1838,158,42,94,134,17,134,72,37,156,98,101,51,3,1,98,990,2
1839,158,42,94,134,17,134,72,37,157,98,101,51,3,1,98,990,2
1840,158,42,94,134,15,132,71,35,157,98,101,51,3,1,98,990,2
1841,158,42,94,134,15,132,71,35,156,98,102,51,3,3,98,990,2
1842,158,42,94,134,14,130,69,33,156,98,102,51,3,3,98,990,2
1843,158,42,94,134,14,130,69,33,155,98,102,51,3,3,98,990,2
1844,158,42,94,134,12,129,67,31,155,98,102,51,3,3,98,990,2
1845,158,42,94,134,12,129,67,31,154,98,103,49,3,3,98,990,2
1846,158,42,93,134,11,127,66,29,154,98,103,49,3,3,98,990,2
1847,158,42,93,134,11,127,66,29,153,98,103,49,3,3,98,990,2
1848,158,42,93,134,11,127,66,29,153,98,103,49,3,3,98,990,2
1849,158,42,93,134,11,127,66,29,151,98,104,48,3,3,98,990,2
1850,158,42,91,134,10,125,66,27,151,98,104,48,3,3,98,990,2
1851,158,42,91,134,10,125,66,27,150,98,104,48,3,3,98,990,2
1852,158,42,89,135,8,124,66,26,150,98,104,48,3,3,98,990,2
1853,158,42,89,135,8,124,66,26,150,100,105,47,3,2,98,990,2
1854,158,42,88,136,7,122,65,26,150,100,105,47,3,2,98,990,2
1855,158,42,88,136,7,122,65,26,150,102,105,47,3,2,98,990,2
1856,158,42,88,137,5,120,64,26,150,102,105,47,3,2,98,990,2
1857,158,42,88,137,5,120,64,26,150,104,106,47,3,2,98,990,2
1858,158,42,88,139,4,118,62,26,150,104,106,47,3,2,98,990,2
1859,158,42,88,139,4,118,62,26,150,106,106,47,3,2,99,1000,2
1860,158,42,88,140,2,117,60,26,150,106,106,47,3,2,99,1000,2
1861,158,42,88,140,2,117,60,26,150,107,107,48,3,2,99,1000,2
1862,157,42,88,142,2,115,58,26,150,107,107,48,3,2,99,1000,2
1863,157,42,88,142,2,115,58,26,150,109,107,48,3,2,99,1000,2
1864,156,42,88,143,2,114,57,26,150,109,107,48,3,2,99,1000,2
1865,156,42,88,143,2,114,57,26,150,110,108,49,3,2,99,1000,2
1866,155,42,88,145,2,112,55,26,150,110,108,49,3,2,99,1000,2
1867,155,42,88,145,2,112,55,26,150,112,108,49,3,2,99,1000,2
1868,154,42,88,146,2,111,53,26,150,112,108,49,3,2,99,1000,2
1869,154,42,88,146,2,111,53,26,150,114,109,51,3,2,99,1000,2
1870,153,42,88,147,2,109,51,26,150,114,109,51,3,2,99,1000,2
1871,153,42,88,147,2,109,51,26,150,116,109,51,3,2,99,1000,2
1872,152,42,88,148,2,107,50,26,150,116,109,51,3,2,99,1000,2
1873,152,42,88,148,2,107,50,26,150,118,110,51,3,2,100,1010,2
1874,151,42,87,150,2,105,50,26,150,118,110,51,3,2,100,1010,2
1875,151,42,87,150,2,105,50,26,150,120,110,51,3,2,100,1010,2
1876,150,42,85,151,2,104,50,26,150,120,110,51,3,2,100,1010,2
1877,150,42,85,151,2,104,50,26,150,121,111,49,3,2,100,1010,2
1878,149,42,84,153,2,102,50,26,150,121,111,49,3,2,100,1010,2
1879,149,42,84,153,2,102,50,26,151,122,111,49,3,1,100,1010,2
1880,149,42,84,153,2,102,50,26,151,122,111,49,3,1,100,1010,2
1881,149,42,84,153,2,102,50,26,152,122,111,49,3,1,100,1010,2
1882,148,42,83,155,2,100,50,26,152,122,111,49,3,1,100,1010,2
1883,148,42,83,155,2,100,50,26,153,122,111,49,3,1,100,1010,2
1884,147,42,81,156,2,99,50,26,153,122,111,49,3,1,100,1010,2
1885,147,42,81,156,2,99,50,26,155,122,111,48,3,1,100,1010,2
1886,146,43,80,157,2,98,50,26,155,122,111,48,3,1,100,1010,2
1887,146,43,80,157,2,98,50,26,156,122,111,48,3,1,101,1020,2
1888,145,45,79,158,2,98,50,26,156,122,111,48,3,1,101,1020,2
1889,145,45,79,158,2,98,50,26,157,122,111,44,3,1,101,1020,2
1890,144,46,78,158,2,98,50,24,157,122,111,44,3,1,101,1020,2
1891,144,46,78,158,2,98,50,24,158,122,111,44,3,1,101,1020,2
1892,143,47,76,158,2,98,50,22,158,122,111,44,3,1,101,1020,2
1893,143,47,76,158,2,98,50,22,158,123,111,41,3,2,101,1020,2
1894,142,48,75,158,2,98,50,20,158,123,111,41,3,2,101,1020,2
1895,142,48,75,158,2,98,50,20,158,125,111,41,3,2,101,1020,2
1896,141,49,74,158,2,98,50,18,158,125,111,41,3,2,101,1020,2
1897,141,49,74,158,2,98,50,18,158,127,111,37,3,2,101,1020,2
1898,140,50,73,158,2,98,50,16,158,127,111,37,3,2,101,1020,2
1899,140,50,73,158,2,98,50,16,158,129,111,37,3,2,101,1020,2
1900,139,51,71,158,2,98,50,14,158,129,111,37,3,2,101,1020,2
1901,139,51,71,158,2,98,50,14,158,131,111,36,3,2,102,1030,2
1902,138,52,70,158,2,98,50,13,158,131,111,36,3,2,102,1030,2
1903,138,52,70,158,2,98,50,13,158,133,111,36,3,2,102,1030,2
1904,137,54,69,158,2,98,50,11,158,133,111,36,3,2,102,1030,2
1905,137,54,69,158,2,98,50,11,158,134,111,36,3,2,102,1030,2
1906,136,55,68,158,2,98,50,9,158,134,111,36,3,2,102,1030,2
1907,136,55,68,158,2,98,50,9,158,136,111,36,3,2,102,1030,2
1908,135,56,66,158,2,98,50,7,158,136,111,36,3,2,102,1030,2
1909,135,56,66,158,2,98,50,7,158,137,111,37,3,2,102,1030,2
1910,134,57,65,158,2,98,50,5,158,137,111,37,3,2,102,1030,2
1911,134,57,65,158,2,98,50,5,158,139,111,37,3,2,102,1030,2
1912,134,57,65,158,2,98,50,5,158,139,111,37,3,2,102,1030,2
1913,134,57,65,158,2,98,50,5,158,141,111,37,3,2,102,1030,2
1914,134,58,64,158,3,98,50,3,158,141,111,37,3,2,102,1030,2
1915,134,58,64,158,3,98,50,3,158,143,111,37,3,2,103,1080,2
1916,134,58,65,158,2,99,50,4,158,143,111,37,3,2,103,1080,2
1917,134,58,65,158,2,99,50,4,158,145,111,36,3,2,103,1080,2
1918,135,58,66,158,2,100,50,5,158,145,111,36,3,2,103,1080,2
1919,135,58,66,158,2,100,50,5,158,147,111,36,3,2,103,1080,2
1920,136,58,66,158,2,101,51,6,158,147,111,36,3,2,103,1080,2
1921,136,58,66,158,2,101,51,6,158,149,111,32,3,2,103,1080,2
1922,136,58,66,158,2,102,52,7,158,149,111,32,3,2,103,1080,2
1923,136,58,66,158,2,102,52,7,158,151,111,32,3,2,103,1080,2
1924,137,58,66,158,2,103,53,8,158,151,111,32,3,2,103,1080,2
1925,137,58,66,158,2,103,53,8,158,153,111,29,3,2,103,1080,2
1926,138,58,66,158,2,104,54,9,158,153,111,29,3,2,103,1080,2
1927,138,58,66,158,2,104,54,9,158,155,111,29,3,2,104,1080,2
1928,139,58,66,158,2,105,55,10,158,155,111,29,3,2,104,1080,2
1929,139,58,66,158,2,105,55,10,158,156,111,25,3,2,104,1080,2
1930,139,58,66,158,2,106,56,11,158,156,111,25,3,2,104,1080,2
1931,139,58,66,158,2,106,56,11,158,158,111,25,3,2,104,1080,2
1932,140,58,66,158,2,107,57,12,158,158,111,25,3,2,104,1080,2
1933,140,58,66,158,2,107,57,12,157,158,111,24,3,3,104,1080,2
1934,141,58,66,158,2,108,58,13,157,158,111,24,3,3,104,1080,2
1935,141,58,66,158,2,108,58,13,156,158,111,24,3,3,104,1080,2
1936,142,58,66,158,2,109,59,14,156,158,111,24,3,3,104,1080,2
1937,142,58,66,158,2,109,59,14,154,158,111,24,3,3,104,1080,2
1938,142,58,66,158,2,110,60,15,154,158,111,24,3,3,104,1080,2
1939,142,58,66,158,2,110,60,15,153,158,111,24,3,3,104,1080,2
1940,142,58,66,158,2,111,61,16,153,158,111,24,3,3,104,1080,2
1941,142,58,66,158,2,111,61,16,151,158,111,25,3,3,105,1090,2
1942,143,58,66,158,2,112,62,17,151,158,111,25,3,3,105,1090,2
1943,143,58,66,158,2,112,62,17,150,158,111,25,3,3,105,1090,2
1944,143,58,66,158,2,112,62,17,150,158,111,25,3,3,105,1090,2
1945,143,58,66,158,2,112,62,17,149,158,112,26,3,3,105,1090,2
1946,143,58,66,158,2,113,63,18,149,158,112,26,3,3,105,1090,2
1947,143,58,66,158,2,113,63,18,148,158,112,26,3,3,105,1090,2
1948,144,58,66,158,2,114,64,19,148,158,112,26,3,3,105,1090,2
1949,144,58,66,158,2,114,64,19,147,158,113,26,3,3,105,1090,2
1950,145,58,66,158,2,115,65,20,147,158,113,26,3,3,105,1090,2
1951,145,58,66,158,2,115,65,20,146,158,113,26,3,3,105,1090,2
1952,146,58,66,158,2,116,66,21,146,158,113,26,3,3,105,1090,2
1953,146,58,66,158,2,116,66,21,144,158,114,25,3,3,105,1090,2
1954,146,58,66,158,2,117,67,22,144,158,114,25,3,3,105,1090,2
1955,146,58,66,158,2,117,67,22,143,158,114,25,3,3,106,1100,2
1956,147,58,66,158,2,118,68,23,143,158,114,25,3,3,106,1100,2
1957,147,58,66,158,2,118,68,23,142,158,115,24,3,3,106,1100,2
1958,148,58,66,158,2,119,69,24,142,158,115,24,3,3,106,1100,2
1959,148,58,66,158,2,119,69,24,141,158,115,24,3,3,106,1100,2
1960,149,58,66,158,2,120,70,25,141,158,115,24,3,3,106,1100,2
1961,149,58,66,158,2,120,70,25,140,158,116,22,3,3,106,1100,2
1962,149,58,66,158,2,121,71,26,140,158,116,22,3,3,106,1100,2
1963,149,58,66,158,2,121,71,26,139,158,116,22,3,3,106,1100,2
1964,150,58,66,157,2,122,72,26,139,158,116,22,3,3,106,1100,2
1965,150,58,66,157,2,122,72,26,137,158,117,22,3,3,106,1100,2
1966,150,58,66,156,2,123,73,26,137,158,117,22,3,3,106,1100,2
1967,150,58,66,156,2,123,73,26,136,158,117,22,3,3,106,1100,2
1968,151,58,66,155,2,124,74,26,136,158,117,22,3,3,106,1100,2
1969,151,58,66,155,2,124,74,26,134,158,118,24,3,3,107,1110,2
1970,151,58,66,155,2,125,75,26,134,158,118,24,3,3,107,1110,2
1971,151,58,66,155,2,125,75,26,134,156,118,24,3,0,107,1110,2
1972,152,58,66,154,2,126,76,26,134,156,118,24,3,0,107,1110,2
1973,152,58,66,154,2,126,76,26,134,155,119,25,3,0,107,1110,2
1974,153,58,66,153,2,127,77,26,134,155,119,25,3,0,107,1110,2
1975,153,58,66,153,2,127,77,26,134,153,119,25,3,0,107,1110,2
1976,153,58,66,153,2,127,77,26,134,153,119,25,3,0,107,1110,2
1977,153,58,66,153,2,127,77,26,134,152,120,26,3,0,107,1110,2
1978,153,58,66,153,2,128,78,26,134,152,120,26,3,0,107,1110,2
1979,153,58,66,153,2,128,78,26,134,150,120,26,3,0,107,1110,2
1980,154,58,66,152,2,129,79,26,134,150,120,26,3,0,107,1110,2
1981,154,58,66,152,2,129,79,26,134,148,121,26,3,0,107,1110,2
1982,155,58,66,151,2,130,80,26,134,148,121,26,3,0,107,1110,2
1983,155,58,66,151,2,130,80,26,134,146,121,26,3,0,108,1120,2
1984,156,58,66,150,2,131,81,26,134,146,121,26,3,0,108,1120,2
1985,156,58,66,150,2,131,81,26,134,145,122,25,3,0,108,1120,2
1986,156,58,66,150,2,132,82,26,134,145,122,25,3,0,108,1120,2
1987,156,58,66,150,2,132,82,26,134,143,122,25,3,0,108,1120,2
1988,157,58,66,150,2,133,83,27,134,143,122,25,3,0,108,1120,2
1989,157,58,66,150,2,133,83,27,134,142,123,24,3,0,108,1120,2
1990,158,58,66,150,2,134,84,28,134,142,123,24,3,0,108,1120,2
1991,158,58,66,150,2,134,84,28,134,140,123,24,3,0,108,1120,2
1992,158,59,66,150,2,134,85,29,134,140,123,24,3,0,108,1120,2
1993,158,59,66,150,2,134,85,29,134,138,124,22,3,0,108,1120,2
1994,158,59,66,150,2,134,86,30,134,138,124,22,3,0,108,1120,2
1995,158,59,66,150,2,134,86,30,134,136,124,22,3,0,108,1120,2
1996,158,60,66,150,2,134,87,31,134,136,124,22,3,0,108,1120,2
1997,158,60,66,150,2,134,87,31,134,134,125,22,3,0,109,1130,2
1998,158,61,66,150,3,134,88,32,134,134,125,22,3,0,109,1130,2
1999,158,61,66,150,3,134,88,32,134,132,125,22,3,0,109,1130,2
2000,158,62,66,150,4,134,89,33,134,132,125,22,3,0,109,1130,2
2001,158,62,66,150,4,134,89,33,134,131,126,24,3,0,109,1130,2
2002,158,62,66,150,5,134,90,34,134,131,126,24,3,0,109,1130,2
2003,158,62,66,150,5,134,90,34,134,129,126,24,3,0,109,1130,2
2004,158,63,66,150,6,134,91,35,134,129,126,24,3,0,109,1130,2
2005,158,63,66,150,6,134,91,35,134,128,127,25,3,0,109,1130,2
2006,158,64,66,150,7,134,92,36,134,128,127,25,3,0,109,1130,2
2007,158,64,66,150,7,134,92,36,134,126,127,25,3,0,109,1130,2
2008,158,64,66,150,7,134,92,36,134,126,127,25,3,0,109,1130,2
2009,158,64,66,150,7,134,92,36,134,124,128,26,3,0,109,1130,2
2010,158,64,66,150,8,134,93,37,134,124,128,26,3,0,109,1130,2
2011,158,64,66,150,8,134,93,37,134,122,128,26,3,0,110,1140,2
2012,158,65,66,150,9,134,94,38,134,122,128,26,3,0,110,1140,2
2013,158,65,66,150,9,134,94,38,135,122,129,26,3,1,110,1140,2
2014,158,66,66,150,10,134,95,39,135,122,129,26,3,1,110,1140,2
2015,158,66,66,150,10,134,95,39,136,122,129,26,3,1,110,1140,2
2016,158,67,66,150,11,134,96,40,136,122,129,26,3,1,110,1140,2
2017,158,67,66,150,11,134,96,40,137,122,130,25,3,1,110,1140,2
2018,158,67,66,150,12,134,97,41,137,122,130,25,3,1,110,1140,2
2019,158,67,66,150,12,134,97,41,138,122,130,25,3,1,110,1140,2
2020,158,68,66,150,13,134,98,42,138,122,130,25,3,1,110,1140,2
2021,158,68,66,150,13,134,98,42,140,122,131,24,3,1,111,1150,2
2022,158,69,65,150,14,134,98,43,140,122,131,24,3,1,111,1150,2
2023,158,69,65,150,14,134,98,43,141,122,131,24,3,1,111,1150,2
2024,158,70,64,150,15,134,98,44,141,122,131,24,3,1,111,1150,2
2025,158,70,64,150,15,134,98,44,142,122,132,22,3,1,111,1150,2
2026,158,70,64,150,16,134,98,45,142,122,132,22,3,1,111,1150,2
2027,158,70,64,150,16,134,98,45,141,122,132,22,3,3,111,1150,2
2028,158,71,63,150,17,134,98,46,141,122,132,22,3,3,111,1150,2
2029,158,71,63,150,17,134,98,46,140,122,133,22,3,3,111,1150,2
2030,158,72,62,150,18,134,98,47,140,122,133,22,3,3,111,1150,2
2031,158,72,62,150,18,134,98,47,139,122,133,22,3,3,111,1150,2
2032,158,73,61,150,19,134,98,48,139,122,133,22,3,3,111,1150,2
2033,158,73,61,150,19,134,98,48,137,122,134,24,3,3,111,1150,2
2034,158,73,61,150,20,134,98,49,137,122,134,24,3,3,111,1150,2
2035,158,73,61,150,20,134,98,49,136,122,134,24,3,3,111,1150,2
2036,158,74,60,150,21,134,98,50,136,122,134,24,3,3,111,1150,2
2037,158,74,60,150,21,134,98,50,134,122,135,25,3,3,111,1150,2
2038,158,74,59,150,22,134,98,51,134,122,135,25,3,3,111,1150,2
2039,158,74,59,150,22,134,98,51,134,122,135,25,3,3,111,1150,2
2040,158,74,59,150,22,134,98,51,134,122,135,25,3,3,111,1150,2
2041,158,74,59,150,22,134,98,51,134,120,136,26,3,0,111,1150,2
2042,158,74,59,150,23,134,98,52,134,120,136,26,3,0,111,1150,2
2043,158,74,59,150,23,134,98,52,134,118,136,26,3,0,111,1150,2
2044,158,74,58,150,24,133,98,53,134,118,136,26,3,0,111,1150,2
2045,158,74,58,150,24,133,98,53,134,116,137,26,3,0,111,1150,2
2046,158,74,57,150,25,132,98,54,134,116,137,26,3,0,111,1150,2
2047,158,74,57,150,25,132,98,54,134,114,137,26,3,0,111,1150,2
2048,158,74,56,150,26,131,98,55,134,114,137,26,3,0,111,1150,2
2049,158,74,56,150,26,131,98,55,134,112,138,25,3,0,111,1150,2
2050,157,74,56,150,26,130,98,56,134,112,138,25,3,0,111,1150,2
2051,157,74,56,150,26,130,98,56,134,110,138,25,3,0,112,1160,2
2052,156,74,55,150,26,129,98,57,134,110,138,25,3,0,112,1160,2
2053,156,74,55,150,26,129,98,57,134,109,139,24,3,0,112,1160,2
2054,155,74,54,150,26,128,98,58,134,109,139,24,3,0,112,1160,2
2055,155,74,54,150,26,128,98,58,134,107,139,24,3,0,112,1160,2
2056,154,74,53,150,26,127,98,59,134,107,139,24,3,0,112,1160,2
2057,154,74,53,150,26,127,98,59,134,106,140,22,3,0,112,1160,2
2058,154,74,53,150,26,126,98,60,134,106,140,22,3,0,112,1160,2
2059,154,74,53,150,26,126,98,60,134,104,140,22,3,0,112,1160,2
2060,153,74,52,150,26,125,98,61,134,104,140,22,3,0,112,1160,2
2061,153,74,52,150,26,125,98,61,134,102,141,22,3,0,112,1160,2
2062,152,74,51,150,26,124,98,62,134,102,141,22,3,0,112,1160,2
2063,152,74,51,150,26,124,98,62,134,100,141,22,3,0,112,1160,2
2064,151,74,50,150,26,123,98,63,134,100,141,22,3,0,112,1160,2
2065,151,74,50,150,26,123,98,63,134,98,142,24,3,0,113,1170,2
2066,151,74,50,150,26,122,98,64,134,98,142,24,3,0,113,1170,2
2067,151,74,50,150,26,122,98,64,133,98,142,24,3,3,113,1170,2
2068,150,74,49,150,26,122,98,65,133,98,142,24,3,3,113,1170,2
2069,150,74,49,150,26,122,98,65,132,98,143,25,3,3,113,1170,2
2070,150,75,48,150,26,122,98,66,132,98,143,25,3,3,113,1170,2
2071,150,75,48,150,26,122,98,66,131,98,143,25,3,3,113,1170,2
2072,150,75,48,150,26,122,98,66,131,98,143,25,3,3,113,1170,2
2073,150,75,48,150,26,122,98,66,130,98,144,26,3,3,113,1170,2
2074,150,75,48,150,26,122,98,67,130,98,144,26,3,3,113,1170,2
2075,150,75,48,150,26,122,98,67,129,98,144,26,3,3,113,1170,2
2076,149,76,47,150,26,122,98,68,129,98,144,26,3,3,113,1170,2
2077,149,76,47,150,26,122,98,68,127,98,145,26,3,3,114,1170,2
2078,148,77,46,150,26,122,98,69,127,98,145,26,3,3,114,1170,2
2079,148,77,46,150,26,122,98,69,126,98,145,26,3,3,114,1170,2
2080,147,78,45,150,26,122,98,70,126,98,145,26,3,3,114,1170,2
2081,147,78,45,150,26,122,98,70,125,98,146,25,3,3,114,1170,2
2082,147,78,45,150,26,122,98,71,125,98,146,25,3,3,114,1170,2
2083,147,78,45,150,26,122,98,71,124,98,146,25,3,3,114,1170,2
2084,146,79,44,150,26,122,98,72,124,98,146,25,3,3,114,1170,2
2085,146,79,44,150,26,122,98,72,123,98,147,24,3,3,114,1170,2
2086,145,80,43,150,26,122,98,73,123,98,147,24,3,3,114,1170,2
2087,145,80,43,150,26,122,98,73,122,98,147,24,3,3,114,1170,2
2088,144,81,42,150,26,122,98,74,122,98,147,24,3,3,114,1170,2
2089,144,81,42,150,26,122,98,74,120,98,148,22,3,3,114,1170,2
2090,144,81,42,150,26,122,98,75,120,98,148,22,3,3,114,1170,2
2091,144,81,42,150,26,122,98,75,119,98,148,22,3,3,115,1180,2
2092,143,82,42,150,26,122,99,76,119,98,148,22,3,3,115,1180,2
2093,143,82,42,150,26,122,99,76,118,98,149,22,3,3,115,1180,2
2094,142,83,42,150,26,122,100,77,118,98,149,22,3,3,115,1180,2
2095,142,83,42,150,26,122,100,77,117,98,149,22,3,3,115,1180,2
2096,141,84,42,150,26,122,101,78,117,98,149,22,3,3,115,1180,2
2097,141,84,42,150,26,122,101,78,116,98,150,24,3,3,115,1180,2
2098,141,84,42,150,26,122,102,79,116,98,150,24,3,3,115,1180,2
2099,141,84,42,150,26,122,102,79,115,98,150,24,3,3,115,1180,2
2100,140,85,42,150,26,122,103,80,115,98,150,24,3,3,115,1180,2
2101,140,85,42,150,26,122,103,80,113,98,151,25,3,3,115,1180,2
2102,139,86,42,150,26,122,104,81,113,98,151,25,3,3,115,1180,2
2103,139,86,42,150,26,122,104,81,112,98,151,25,3,3,115,1180,2
2104,139,86,42,150,26,122,104,81,112,98,151,25,3,3,115,1180,2
2105,139,86,42,150,26,122,104,81,110,98,151,29,3,3,116,1190,2
2106,139,86,42,150,26,122,105,82,110,98,151,29,3,3,116,1190,2
2107,139,86,42,150,26,122,105,82,110,96,151,29,3,0,116,1190,2
2108,138,87,42,150,26,122,106,83,110,96,151,29,3,0,116,1190,2
2109,138,87,42,150,26,122,106,83,110,95,151,30,3,0,116,1190,2
2110,137,88,42,150,26,122,107,84,110,95,151,30,3,0,116,1190,2
2111,137,88,42,150,26,122,107,84,110,93,151,30,3,0,116,1190,2
2112,136,89,42,150,26,122,108,85,110,93,151,30,3,0,116,1190,2
2113,136,89,42,150,26,122,108,85,110,92,151,30,3,0,116,1190,2
2114,136,89,42,150,26,122,109,86,110,92,151,30,3,0,116,1190,2
2115,136,89,42,150,26,122,109,86,110,90,151,30,3,0,116,1190,2
2116,135,90,42,150,26,122,110,87,110,90,151,30,3,0,116,1190,2
2117,135,90,42,150,26,122,110,87,110,88,151,29,3,0,116,1190,2
2118,134,91,42,150,26,122,111,88,110,88,151,29,3,0,116,1190,2
2119,134,91,42,150,26,122,111,88,110,86,151,29,3,0,117,1200,2
2120,133,92,42,150,26,122,112,89,110,86,151,29,3,0,117,1200,2
2121,133,92,42,150,26,122,112,89,110,87,151,29,3,2,117,1200,2
2122,133,92,42,150,26,122,113,90,110,87,151,29,3,2,117,1200,2
2123,133,92,42,150,26,122,113,90,110,89,151,29,3,2,117,1200,2
2124,132,93,42,150,26,122,114,91,110,89,151,29,3,2,117,1200,2
2125,132,93,42,150,26,122,114,91,110,90,151,30,3,2,117,1200,2
2126,131,94,42,150,26,122,115,92,110,90,151,30,3,2,117,1200,2
2127,131,94,42,150,26,122,115,92,110,92,151,30,3,2,117,1200,2
2128,130,95,42,150,26,122,116,93,110,92,151,30,3,2,117,1200,2
2129,130,95,42,150,26,122,116,93,110,94,151,34,3,2,117,1200,2
2130,130,95,42,150,26,122,117,94,110,94,151,34,3,2,117,1200,2
2131,130,95,42,150,26,122,117,94,110,96,151,34,3,2,117,1200,2
2132,129,96,42,150,26,122,118,95,110,96,151,34,3,2,117,1200,2
2133,129,96,42,150,26,122,118,95,110,98,151,37,3,2,117,1200,2
2134,128,97,42,150,26,122,119,96,110,98,151,37,3,2,117,1200,2
2135,128,97,42,150,26,122,119,96,111,98,151,37,3,1,117,1200,2
2136,128,97,42,150,26,122,119,96,111,98,151,37,3,1,117,1200,2
2137,128,97,42,150,26,122,119,96,113,98,151,41,3,1,117,1200,2
2138,128,97,42,150,26,122,120,97,113,98,151,41,3,1,117,1200,2
2139,128,97,42,150,26,122,120,97,114,98,151,41,3,1,117,1200,2
2140,127,98,42,150,26,122,121,98,114,98,151,41,3,1,117,1200,2
2141,127,98,42,150,26,122,121,98,116,98,151,42,3,1,117,1200,2
2142,126,99,42,150,26,122,122,99,116,98,151,42,3,1,117,1200,2
2143,126,99,42,150,26,122,122,99,117,98,151,42,3,1,117,1200,2
2144,126,100,41,150,26,122,122,100,117,98,151,42,3,1,117,1200,2
2145,126,100,41,150,26,122,122,100,118,99,151,42,3,2,117,1200,2
2146,126,100,41,150,26,122,122,101,118,99,151,42,3,2,117,1200,2
2147,126,100,41,150,26,122,122,101,118,101,151,42,3,2,117,1200,2
2148,125,101,40,150,26,122,122,102,118,101,151,42,3,2,117,1200,2
2149,125,101,40,150,26,122,122,102,118,103,151,41,3,2,117,1200,2
2150,124,102,39,150,26,122,122,103,118,103,151,41,3,2,117,1200,2
2151,124,102,39,150,26,122,122,103,118,105,151,41,3,2,117,1200,2
2152,123,102,38,150,26,121,122,104,118,105,151,41,3,2,117,1200,2
2153,123,102,38,150,26,121,122,104,118,107,151,41,3,2,118,1210,2
2154,123,102,38,150,26,120,122,105,118,107,151,41,3,2,118,1210,2
2155,123,102,38,150,26,120,122,105,118,109,151,41,3,2,118,1210,2
2156,122,102,37,150,26,119,122,106,118,109,151,41,3,2,118,1210,2
2157,122,102,37,150,26,119,122,106,118,110,151,42,3,2,118,1210,2
2158,121,102,36,150,26,118,122,107,118,110,151,42,3,2,118,1210,2
2159,121,102,36,150,26,118,122,107,118,112,151,42,3,2,118,1210,2
2160,120,102,35,150,26,117,122,108,118,112,151,42,3,2,118,1210,2
2161,120,102,35,150,26,117,122,108,118,113,151,46,3,2,118,1210,2
2162,120,102,35,150,26,116,122,109,118,113,151,46,3,2,118,1210,2
2163,120,102,35,150,26,116,122,109,118,115,151,46,3,2,118,1210,2
2164,119,102,34,150,26,115,122,110,118,115,151,46,3,2,118,1210,2
2165,119,102,34,150,26,115,122,110,118,117,151,49,3,2,118,1210,2
2166,118,102,34,150,26,114,122,111,118,117,151,49,3,2,118,1210,2
2167,118,102,34,150,26,114,122,111,118,119,151,49,3,2,119,1220,2
2168,118,102,34,150,26,114,122,111,118,119,151,49,3,2,119,1220,2
2169,118,102,34,150,26,114,122,111,118,120,152,50,3,2,119,1220,2
2170,118,102,34,150,26,113,122,112,118,120,152,50,3,2,119,1220,2
2171,118,102,34,150,26,113,122,112,118,122,152,50,3,2,119,1220,2
2172,118,102,33,150,26,112,122,113,118,122,152,50,3,2,119,1220,2
2173,118,102,33,150,26,112,122,113,118,123,153,50,3,2,119,1220,2
2174,117,102,32,150,26,111,122,114,118,123,153,50,3,2,119,1220,2
2175,117,102,32,150,26,111,122,114,118,125,153,50,3,2,119,1220,2
2176,116,102,31,150,26,110,122,115,118,125,153,50,3,2,119,1220,2
2177,116,102,31,150,26,110,122,115,118,127,154,49,3,2,119,1220,2
2178,116,102,31,150,26,109,122,116,118,127,154,49,3,2,119,1220,2
2179,116,102,31,150,26,109,122,116,118,129,154,49,3,2,119,1220,2
2180,115,102,30,150,26,108,122,117,118,129,154,49,3,2,119,1220,2
2181,115,102,30,150,26,108,122,117,118,131,155,48,3,2,120,1230,2
2182,114,102,29,150,26,107,122,118,118,131,155,48,3,2,120,1230,2
2183,114,102,29,150,26,107,122,118,118,133,155,48,3,2,120,1230,2
2184,113,102,28,150,26,106,122,119,118,133,155,48,3,2,120,1230,2
2185,113,102,28,150,26,106,122,119,118,134,156,46,3,2,120,1230,2
2186,113,102,28,150,26,105,122,120,118,134,156,46,3,2,120,1230,2
2187,113,102,28,150,26,105,122,120,117,134,156,46,3,3,120,1230,2
2188,112,102,27,150,26,104,122,121,117,134,156,46,3,3,120,1230,2
2189,112,102,27,150,26,104,122,121,116,134,157,46,3,3,120,1230,2
2190,111,102,26,150,26,103,122,122,116,134,157,46,3,3,120,1230,2
2191,111,102,26,150,26,103,122,122,115,134,157,46,3,3,120,1230,2
2192,110,102,26,151,26,102,122,122,115,134,157,46,3,3,120,1230,2
2193,110,102,26,151,26,102,122,122,113,134,158,48,3,3,120,1230,2
2194,110,102,26,151,26,101,122,122,113,134,158,48,3,3,120,1230,2
2195,110,102,26,151,26,101,122,122,112,134,158,48,3,3,120,1230,2
2196,110,102,25,152,26,100,122,122,112,134,158,48,3,3,120,1230,2
2197,110,102,25,152,26,100,122,122,110,134,159,49,3,3,121,1240,2
2198,109,102,24,153,26,99,122,122,110,134,159,49,3,3,121,1240,2
2199,109,102,24,153,26,99,122,122,109,134,159,49,3,3,121,1240,2
2200,109,102,24,153,26,99,122,122,109,134,159,49,3,3,121,1240,2
2201,109,102,24,153,26,99,122,122,108,134,160,49,3,3,121,1240,2
2202,109,102,24,153,26,98,122,122,108,134,160,49,3,3,121,1240,2
2203,109,102,24,153,26,98,122,122,107,134,160,49,3,3,121,1240,2
2204,108,103,23,154,26,98,122,122,107,134,160,49,3,3,121,1240,2
2205,108,103,23,154,26,98,122,122,106,134,161,49,3,3,121,1240,2
2206,107,104,22,155,26,98,122,122,106,134,161,49,3,3,121,1240,2
2207,107,104,22,155,26,98,122,122,105,134,161,49,3,3,121,1240,2
2208,106,105,21,156,26,98,122,122,105,134,161,49,3,3,121,1240,2
2209,106,105,21,156,26,98,122,122,103,134,162,49,3,3,122,1250,2
2210,106,105,21,156,26,98,122,122,103,134,162,49,3,3,122,1250,2
2211,106,105,21,156,26,98,122,122,102,134,162,49,3,3,122,1250,2
2212,105,106,20,157,26,98,122,122,102,134,162,49,3,3,122,1250,2
2213,105,106,20,157,26,98,122,122,102,133,163,49,3,0,122,1250,2
2214,104,107,19,158,26,98,122,122,102,133,163,49,3,0,122,1250,2
2215,104,107,19,158,26,98,122,122,102,131,163,49,3,0,122,1250,2
2216,103,108,18,158,26,98,122,123,102,131,163,49,3,0,122,1250,2
2217,103,108,18,158,26,98,122,123,102,130,0,49,3,0,122,1250,2
2218,103,108,18,158,26,98,122,124,102,130,0,49,3,0,122,1250,2
2219,103,108,18,158,26,98,122,124,102,128,0,49,3,0,122,1250,2
2220,102,109,18,158,26,98,123,125,102,128,0,49,3,0,122,1250,2
2221,102,109,18,158,26,98,123,125,102,126,163,49,3,0,122,1250,2
2222,101,110,18,158,26,98,124,126,102,126,163,49,3,0,122,1250,2
2223,101,110,18,158,26,98,124,126,102,124,163,49,3,0,122,1250,2
2224,100,110,18,158,26,97,125,127,102,124,163,49,3,0,122,1250,2
2225,100,110,18,158,26,97,125,127,102,122,162,49,3,0,123,1260,2
2226,100,110,18,158,26,96,126,128,102,122,162,49,3,0,123,1260,2
2227,100,110,18,158,26,96,126,128,102,120,162,49,3,0,123,1260,2
2228,99,110,18,158,26,95,127,129,102,120,162,49,3,0,123,1260,2
2229,99,110,18,158,26,95,127,129,102,119,161,49,3,0,123,1260,2
2230,98,110,18,158,26,94,128,130,102,119,161,49,3,0,123,1260,2
2231,98,110,18,158,26,94,128,130,102,117,161,49,3,0,123,1260,2
2232,98,110,18,158,26,94,128,130,102,117,161,49,3,0,123,1260,2
2233,98,110,18,158,26,94,128,130,102,116,160,49,3,0,123,1260,2
2234,98,110,18,158,26,93,129,131,102,116,160,49,3,0,123,1260,2
2235,98,110,18,158,26,93,129,131,102,114,160,49,3,0,123,1260,2
2236,97,110,18,158,26,92,130,132,102,114,160,49,3,0,123,1260,2
2237,97,110,18,158,26,92,130,132,102,112,159,49,3,0,123,1260,2
2238,96,110,18,158,26,91,131,133,102,112,159,49,3,0,123,1260,2
2239,96,110,18,158,26,91,131,133,102,110,159,49,3,0,124,1260,2
2240,95,110,18,158,26,90,132,134,102,110,159,49,3,0,124,1260,2
2241,95,110,18,158,26,90,132,134,102,109,158,48,3,0,124,1260,2
2242,95,110,18,158,26,89,133,135,102,109,158,48,3,0,124,1260,2
2243,95,110,18,158,26,89,133,135,102,107,158,48,3,0,124,1260,2
2244,94,110,18,158,26,88,134,136,102,107,158,48,3,0,124,1260,2
2245,94,110,18,158,26,88,134,136,102,106,157,47,3,0,124,1260,2
2246,93,110,18,158,26,87,135,137,102,106,157,47,3,0,124,1260,2
2247,93,110,18,158,26,87,135,137,102,104,157,47,3,0,124,1260,2
2248,92,110,18,158,26,86,136,138,102,104,157,47,3,0,124,1260,2
2249,92,110,18,158,26,86,136,138,102,102,156,47,3,0,124,1260,2
2250,92,110,18,158,26,85,137,139,102,102,156,47,3,0,124,1260,2
2251,92,110,18,158,26,85,137,139,102,100,156,47,3,0,124,1260,2
2252,91,110,18,158,26,84,138,140,102,100,156,47,3,0,124,1260,2
2253,91,110,18,158,26,84,138,140,102,98,155,48,3,0,125,1270,2
2254,90,110,18,158,26,83,139,141,102,98,155,48,3,0,125,1270,2
2255,90,110,18,158,26,83,139,141,101,98,155,48,3,3,125,1270,2
2256,89,110,18,158,26,82,140,142,101,98,155,48,3,3,125,1270,2
2257,89,110,18,158,26,82,140,142,100,98,154,49,3,3,125,1270,2
2258,89,110,18,158,26,81,141,143,100,98,154,49,3,3,125,1270,2
2259,89,110,18,158,26,81,141,143,99,98,154,49,3,3,125,1270,2
2260,88,110,18,158,26,80,142,144,99,98,154,49,3,3,125,1270,2
2261,88,110,18,158,26,80,142,144,98,98,153,51,3,3,125,1270,2
2262,87,110,18,158,26,79,143,145,98,98,153,51,3,3,125,1270,2
2263,87,110,18,158,26,79,143,145,97,98,153,51,3,3,125,1270,2
2264,87,110,18,158,26,79,143,145,97,98,153,51,3,3,125,1270,2
2265,87,110,18,158,26,79,143,145,95,98,152,51,3,3,126,1280,2
2266,87,110,18,158,26,78,144,146,95,98,152,51,3,3,126,1280,2
2267,87,110,18,158,26,78,144,146,94,98,152,51,3,3,126,1280,2
2268,86,110,18,158,26,77,145,147,94,98,152,51,3,3,126,1280,2
2269,86,110,18,158,26,77,145,147,93,98,151,49,3,3,126,1280,2
2270,85,110,18,158,26,76,146,148,93,98,151,49,3,3,126,1280,2
2271,85,110,18,158,26,76,146,148,92,98,151,49,3,3,126,1280,2
2272,84,110,18,158,26,75,147,149,92,98,151,49,3,3,126,1280,2
2273,84,110,18,158,26,75,147,149,91,98,151,46,3,3,126,1280,2
2274,84,110,18,158,26,74,148,150,91,98,151,46,3,3,126,1280,2
2275,84,110,18,158,26,74,148,150,90,98,151,46,3,3,126,1280,2
2276,83,110,18,158,26,73,149,151,90,98,151,46,3,3,126,1280,2
2277,83,110,18,158,26,73,149,151,88,98,151,42,3,3,126,1280,2
2278,82,110,18,158,26,72,150,152,88,98,151,42,3,3,126,1280,2
2279,82,110,18,158,26,72,150,152,87,98,151,42,3,3,126,1280,2
2280,81,110,18,158,26,71,151,153,87,98,151,42,3,3,126,1280,2
2281,81,110,18,158,26,71,151,153,85,98,151,41,3,3,126,1280,2
2282,81,110,18,158,26,70,152,154,85,98,151,41,3,3,126,1280,2
2283,81,110,18,158,26,70,152,154,84,98,151,41,3,3,126,1280,2
2284,80,110,18,158,26,69,153,155,84,98,151,41,3,3,126,1280,2
2285,80,110,18,158,26,69,153,155,82,98,151,41,3,3,126,1280,2
2286,79,110,18,158,26,68,154,156,82,98,151,41,3,3,126,1280,2
2287,79,110,18,158,26,68,154,156,81,98,151,41,3,3,126,1280,2
2288,78,110,18,158,26,67,155,157,81,98,151,41,3,3,126,1280,2
2289,78,110,18,158,26,67,155,157,79,98,151,42,3,3,126,1280,2
2290,78,110,18,158,26,66,156,158,79,98,151,42,3,3,126,1280,2
2291,78,110,18,158,26,66,156,158,78,98,151,42,3,3,126,1280,2
2292,77,110,18,157,26,65,157,158,78,98,151,42,3,3,126,1280,2
2293,77,110,18,157,26,65,157,158,76,98,151,42,3,3,126,1280,2
2294,76,110,18,156,26,64,158,158,76,98,151,42,3,3,126,1280,2
2295,76,110,18,156,26,64,158,158,75,98,151,42,3,3,126,1280,2
2296,76,110,18,156,26,64,158,158,75,98,151,42,3,3,126,1280,2
2297,76,110,18,156,26,64,158,158,73,98,151,41,3,3,126,1280,2
2298,76,110,19,156,26,63,158,158,73,98,151,41,3,3,126,1280,2
2299,76,110,19,156,26,63,158,158,72,98,151,41,3,3,126,1280,2
2300,75,110,20,155,26,62,158,158,72,98,151,41,3,3,126,1280,2
2301,75,110,20,155,26,62,158,158,70,98,151,37,3,3,126,1280,2
2302,74,110,21,154,26,61,158,158,70,98,151,37,3,3,126,1280,2
2303,74,110,21,154,26,61,158,158,69,98,151,37,3,3,126,1280,2
2304,73,110,22,153,26,60,158,158,69,98,151,37,3,3,126,1280,2
2305,73,110,22,153,26,60,158,158,67,98,151,34,3,3,126,1280,2
2306,73,110,22,153,26,59,158,158,67,98,151,34,3,3,126,1280,2
2307,73,110,22,153,26,59,158,158,66,98,151,34,3,3,126,1280,2
2308,72,110,23,152,26,58,158,158,66,98,151,34,3,3,126,1280,2
2309,72,110,23,152,26,58,158,158,66,96,151,30,3,0,126,1280,2
2310,71,110,24,151,26,57,158,158,66,96,151,30,3,0,126,1280,2
2311,71,110,24,151,26,57,158,158,66,94,151,30,3,0,126,1280,2
2312,70,110,25,150,26,56,158,158,66,94,151,30,3,0,126,1280,2
2313,70,110,25,150,26,56,158,158,66,92,151,29,3,0,126,1280,2
2314,70,110,25,150,26,55,158,158,66,92,151,29,3,0,126,1280,2
2315,70,110,25,150,26,55,158,158,66,90,151,29,3,0,126,1280,2
2316,69,110,26,149,26,54,158,158,66,90,151,29,3,0,126,1280,2
2317,69,110,26,149,26,54,158,158,66,88,151,29,3,0,126,1280,2
2318,68,110,27,148,26,53,158,158,66,88,151,29,3,0,126,1280,2
2319,68,110,27,148,26,53,158,158,66,86,151,29,3,0,127,1290,2
2320,67,110,28,147,26,52,158,158,66,86,151,29,3,0,127,1290,2
2321,67,110,28,147,26,52,158,158,66,85,151,30,3,0,127,1290,2
2322,67,110,28,147,26,51,158,158,66,85,151,30,3,0,127,1290,2
2323,67,110,28,147,26,51,158,158,66,83,151,30,3,0,127,1290,2
2324,66,110,29,146,26,50,158,158,66,83,151,30,3,0,127,1290,2
2325,66,110,29,146,26,50,158,158,66,82,151,30,3,0,127,1290,2
2326,66,111,30,145,26,50,158,158,66,82,151,30,3,0,127,1290,2
2327,66,111,30,145,26,50,158,158,66,80,151,30,3,0,127,1290,2
2328,66,111,30,145,26,50,158,158,66,80,151,30,3,0,127,1290,2
2329,66,111,30,145,26,50,158,158,66,78,151,29,3,0,127,1290,2
2330,66,111,30,145,26,50,158,158,66,78,151,29,3,0,127,1290,2
2331,66,111,30,145,26,50,158,158,66,76,151,29,3,0,127,1290,2
2332,65,112,31,144,26,50,158,158,66,76,151,29,3,0,127,1290,2
2333,65,112,31,144,26,50,158,158,66,74,151,25,3,0,128,1300,2
2334,64,113,32,143,26,50,158,158,66,74,151,25,3,0,128,1300,2
2335,64,113,32,143,26,50,158,158,66,72,151,25,3,0,128,1300,2
2336,63,114,33,142,26,50,158,158,66,72,151,25,3,0,128,1300,2
2337,63,114,33,142,26,50,158,158,66,71,150,24,3,0,128,1300,2
2338,63,114,33,142,26,50,158,158,66,71,150,24,3,0,128,1300,2
2339,63,114,33,142,26,50,158,158,66,69,150,24,3,0,128,1300,2
2340,62,115,34,141,26,50,158,158,66,69,150,24,3,0,128,1300,2
2341,62,115,34,141,26,50,158,158,66,68,149,23,3,0,128,1300,2
2342,61,116,35,140,26,50,158,158,66,68,149,23,3,0,128,1300,2
2343,61,116,35,140,26,50,158,158,66,66,149,23,3,0,128,1300,2
2344,60,117,36,139,26,50,158,158,66,66,149,23,3,0,128,1300,2
2345,60,117,36,139,26,50,158,158,66,64,148,23,3,0,128,1300,2
2346,60,117,36,139,26,50,158,158,66,64,148,23,3,0,128,1300,2
2347,60,117,36,139,26,50,158,158,66,62,148,23,3,0,129,1310,2
2348,59,118,37,138,26,50,158,158,66,62,148,23,3,0,129,1310,2
2349,59,118,37,138,26,50,158,158,66,61,147,24,3,0,129,1310,2
2350,58,119,38,137,26,50,158,158,66,61,147,24,3,0,129,1310,2
2351,58,119,38,137,26,50,158,158,66,63,147,24,3,2,129,1310,2
2352,57,120,39,136,26,50,158,158,66,63,147,24,3,2,129,1310,2
2353,57,120,39,136,26,50,158,158,66,64,146,25,3,2,129,1310,2
2354,57,120,39,136,26,50,158,158,66,64,146,25,3,2,129,1310,2
2355,57,120,39,136,26,50,158,158,66,66,146,25,3,2,129,1310,2
2356,56,121,40,135,26,50,158,158,66,66,146,25,3,2,129,1310,2
2357,56,121,40,135,26,50,158,158,66,68,145,27,3,2,129,1310,2
2358,55,122,41,134,26,50,158,158,66,68,145,27,3,2,129,1310,2
2359,55,122,41,134,26,50,158,158,66,70,145,27,3,2,129,1310,2
2360,55,122,41,134,26,50,158,158,66,70,145,27,3,2,129,1310,2
2361,55,122,41,134,26,50,158,158,66,72,144,27,3,2,129,1310,2
2362,55,122,41,134,26,50,158,158,66,72,144,27,3,2,129,1310,2
2363,55,122,41,134,26,50,158,158,66,74,144,27,3,2,129,1310,2
2364,54,123,42,134,26,50,158,157,66,74,144,27,3,2,129,1310,2
2365,54,123,42,134,26,50,158,157,64,74,143,25,3,3,129,1310,2
2366,53,124,42,134,26,50,157,156,64,74,143,25,3,3,129,1310,2
2367,53,124,42,134,26,50,157,156,63,74,143,25,3,3,129,1310,2
2368,52,125,42,134,26,50,156,155,63,74,143,25,3,3,129,1310,2
2369,52,125,42,134,26,50,156,155,61,74,142,24,3,3,129,1310,2
2370,52,125,42,134,26,50,155,154,61,74,142,24,3,3,129,1310,2
2371,52,125,42,134,26,50,155,154,60,74,142,24,3,3,129,1310,2
2372,51,126,42,134,26,50,154,153,60,74,142,24,3,3,129,1310,2
2373,51,126,42,134,26,50,154,153,58,74,141,23,3,3,130,1320,2
2374,50,127,42,134,26,50,153,152,58,74,141,23,3,3,130,1320,2
2375,50,127,42,134,26,50,153,152,57,74,141,23,3,3,130,1320,2
2376,49,128,42,134,26,50,152,151,57,74,141,23,3,3,130,1320,2
2377,49,128,42,134,26,50,152,151,56,74,140,23,3,3,130,1320,2
2378,49,128,42,134,26,50,151,150,56,74,140,23,3,3,130,1320,2
2379,49,128,42,134,26,50,151,150,55,74,140,23,3,3,130,1320,2
2380,48,129,42,134,26,50,150,149,55,74,140,23,3,3,130,1320,2
2381,48,129,42,134,26,50,150,149,54,74,139,24,3,3,130,1320,2
2382,47,130,42,134,26,50,149,148,54,74,139,24,3,3,130,1320,2
2383,47,130,42,134,26,50,149,148,53,74,139,24,3,3,130,1320,2
2384,46,131,42,134,26,50,148,147,53,74,139,24,3,3,130,1320,2
2385,46,131,42,134,26,50,148,147,51,74,138,25,3,3,131,1330,2
2386,46,131,42,134,26,50,147,146,51,74,138,25,3,3,131,1330,2
2387,46,131,42,134,26,50,147,146,50,74,138,25,3,3,131,1330,2
2388,45,132,42,134,26,50,146,145,50,74,138,25,3,3,131,1330,2
2389,45,132,42,134,26,50,146,145,49,74,137,27,3,3,131,1330,2
2390,44,133,42,134,26,50,145,144,49,74,137,27,3,3,131,1330,2
2391,44,133,42,134,26,50,145,144,48,74,137,27,3,3,131,1330,2
2392,44,133,42,134,26,50,145,144,48,74,137,27,3,3,131,1330,2
2393,44,133,42,134,26,50,145,144,47,74,136,27,3,3,131,1330,2
2394,44,133,42,134,26,50,144,143,47,74,136,27,3,3,131,1330,2
2395,44,133,42,134,26,50,144,143,46,74,136,27,3,3,131,1330,2
2396,43,134,42,134,26,50,143,142,46,74,136,27,3,3,131,1330,2
2397,43,134,42,134,26,50,143,142,44,74,135,25,3,3,131,1330,2
2398,42,134,42,134,26,49,142,141,44,74,135,25,3,3,131,1330,2
2399,42,134,42,134,26,49,142,141,43,74,135,25,3,3,132,1340,2
2400,41,134,42,134,26,48,141,140,43,74,135,25,3,3,132,1340,2
2401,41,134,42,134,26,48,141,140,42,74,134,24,3,3,132,1340,2
2402,41,134,42,134,26,47,140,139,42,74,134,24,3,3,132,1340,2
2403,41,134,42,134,26,47,140,139,41,74,134,24,3,3,132,1340,2
2404,40,134,42,134,26,46,138,137,41,74,134,24,3,3,132,1340,2
2405,40,134,42,134,26,46,138,137,40,74,133,23,3,3,132,1340,2
2406,39,134,42,134,26,44,136,135,40,74,133,23,3,3,132,1340,2
2407,39,134,42,134,26,44,136,135,39,74,133,23,3,3,132,1340,2
2408,38,134,42,134,26,43,135,133,39,74,133,23,3,3,132,1340,2
2409,38,134,42,134,26,43,135,133,37,74,132,23,3,3,132,1340,2
2410,37,134,42,134,26,41,133,131,37,74,132,23,3,3,132,1340,2
2411,37,134,42,134,26,41,133,131,36,74,132,23,3,3,132,1340,2
2412,36,134,42,134,26,40,131,129,36,74,132,23,3,3,132,1340,2
2413,36,134,42,134,26,40,131,129,34,74,131,24,3,3,133,1350,2
2414,35,134,42,134,26,38,129,128,34,74,131,24,3,3,133,1350,2
2415,35,134,42,134,26,38,129,128,35,74,131,24,3,1,133,1350,2
2416,34,134,42,134,26,36,128,126,35,74,131,24,3,1,133,1350,2
2417,34,134,42,134,26,36,128,126,36,74,130,25,3,1,133,1350,2
2418,33,134,42,134,26,34,126,124,36,74,130,25,3,1,133,1350,2
2419,33,134,42,134,26,34,126,124,37,74,130,25,3,1,133,1350,2
2420,32,134,42,134,26,33,124,122,37,74,130,25,3,1,133,1350,2
2421,32,134,42,134,26,33,124,122,38,74,129,27,3,1,133,1350,2
2422,31,134,42,134,26,31,122,120,38,74,129,27,3,1,133,1350,2
2423,31,134,42,134,26,31,122,120,39,74,129,27,3,1,133,1350,2
2424,31,134,42,134,26,31,122,120,39,74,129,27,3,1,133,1350,2
2425,31,134,42,134,26,31,122,120,41,74,128,27,3,1,133,1350,2
2426,30,134,42,134,26,29,120,118,41,74,128,27,3,1,133,1350,2
2427,30,134,42,134,26,29,120,118,42,74,128,27,3,1,133,1350,2
2428,29,134,42,134,26,28,118,116,42,74,128,27,3,1,133,1350,2
2429,29,134,42,134,26,28,118,116,44,74,127,25,3,1,133,1350,2
2430,28,134,42,134,26,26,116,115,44,74,127,25,3,1,133,1350,2
2431,28,134,42,134,26,26,116,115,45,74,127,25,3,1,133,1350,2
2432,27,136,42,134,26,26,115,113,45,74,127,25,3,1,133,1350,2
2433,27,136,42,134,26,26,115,113,47,74,126,24,3,1,133,1350,2
2434,26,137,42,134,26,26,113,111,47,74,126,24,3,1,133,1350,2
2435,26,137,42,134,26,26,113,111,48,74,126,24,3,1,133,1350,2
2436,26,138,42,134,26,26,111,109,48,74,126,24,3,1,133,1350,2
2437,26,138,42,134,26,26,111,109,50,74,125,23,3,1,133,1350,2
2438,26,139,42,134,26,26,109,107,50,74,125,23,3,1,133,1350,2
2439,26,139,42,134,26,26,109,107,51,74,125,23,3,1,133,1350,2
2440,25,140,42,134,26,26,108,105,51,74,125,23,3,1,133,1350,2
2441,25,140,42,134,26,26,108,105,53,74,124,23,3,1,133,1350,2
2442,24,141,42,134,26,26,106,103,53,74,124,23,3,1,133,1350,2
2443,24,141,42,134,26,26,106,103,54,74,124,23,3,1,133,1350,2
2444,23,142,42,134,26,26,104,101,54,74,124,23,3,1,133,1350,2
2445,23,142,42,134,26,26,104,101,56,74,123,24,3,1,133,1350,2
2446,22,143,42,134,26,26,102,100,56,74,123,24,3,1,133,1350,2
2447,22,143,42,134,26,26,102,100,57,74,123,24,3,1,133,1350,2
2448,21,145,42,134,26,26,101,98,57,74,123,24,3,1,133,1350,2
2449,21,145,42,134,26,26,101,98,59,74,122,25,3,1,133,1350,2
2450,20,146,42,132,26,26,99,98,59,74,122,25,3,1,133,1350,2
2451,20,146,42,132,26,26,99,98,60,74,122,25,3,1,133,1350,2
2452,19,147,43,131,26,26,98,98,60,74,122,25,3,1,133,1350,2
2453,19,147,43,131,26,26,98,98,62,74,121,27,3,1,133,1350,2
2454,18,148,44,129,26,26,98,98,62,74,121,27,3,1,133,1350,2
2455,18,148,44,129,26,26,98,98,63,74,121,27,3,1,133,1350,2
2456,18,148,44,129,26,26,98,98,63,74,121,27,3,1,133,1350,2
2457,18,148,44,129,26,26,98,98,65,74,120,27,3,1,133,1350,2
2458,18,149,45,127,25,26,98,98,65,74,120,27,3,1,133,1350,2
2459,18,149,45,127,25,26,98,98,66,74,120,27,3,1,133,1350,2
2460,18,150,47,126,23,26,98,98,66,74,120,27,3,1,133,1350,2
2461,18,150,47,126,23,26,98,98,66,76,119,25,3,2,133,1350,2
2462,18,150,48,125,22,26,98,98,66,76,119,25,3,2,133,1350,2
2463,18,150,48,125,22,26,98,98,66,78,119,25,3,2,133,1350,2
2464,18,152,49,124,20,26,98,98,66,78,119,25,3,2,133,1350,2
2465,18,152,49,124,20,26,98,98,66,80,118,24,3,2,133,1350,2
2466,18,153,50,122,19,26,98,98,66,80,118,24,3,2,133,1350,2
2467,18,153,50,122,19,26,98,98,66,82,118,24,3,2,133,1350,2
2468,18,154,52,121,17,26,98,98,66,82,118,24,3,2,133,1350,2
2469,18,154,52,121,17,26,98,98,66,84,117,23,3,2,133,1350,2
2470,18,155,53,119,16,26,98,98,66,84,117,23,3,2,133,1350,2
2471,18,155,53,119,16,26,98,98,66,86,117,23,3,2,133,1350,2
2472,18,156,54,118,14,26,98,98,66,86,117,23,3,2,133,1350,2
2473,18,156,54,118,14,26,98,98,66,88,116,23,3,2,133,1350,2
2474,18,157,55,116,14,26,98,98,66,88,116,23,3,2,133,1350,2
2475,18,157,55,116,14,26,98,98,66,90,116,23,3,2,133,1350,2
2476,18,158,57,115,12,26,98,98,66,90,116,23,3,2,133,1350,2
2477,18,158,57,115,12,26,98,98,66,92,115,24,3,2,133,1350,2
2478,18,158,58,114,11,24,98,98,66,92,115,24,3,2,133,1350,2
2479,18,158,58,114,11,24,98,98,66,94,115,24,3,2,133,1350,2
2480,18,158,59,113,9,22,98,98,66,94,115,24,3,2,133,1350,2
2481,18,158,59,113,9,22,98,98,66,96,114,25,3,2,133,1350,2
2482,18,158,60,111,8,20,98,98,66,96,114,25,3,2,133,1350,2
2483,18,158,60,111,8,20,98,98,66,98,114,25,3,2,133,1350,2
2484,18,158,62,110,6,19,98,98,66,98,114,25,3,2,133,1350,2
2485,18,158,62,110,6,19,98,98,68,98,113,27,3,1,133,1350,2
2486,18,158,63,108,5,17,98,98,68,98,113,27,3,1,133,1350,2
2487,18,158,63,108,5,17,98,98,69,98,113,27,3,1,133,1350,2
2488,18,158,63,108,5,17,98,98,69,98,113,27,3,1,133,1350,2
2489,18,158,63,108,5,17,98,98,71,98,112,27,3,1,133,1350,2
2490,18,158,64,106,4,15,98,98,71,98,112,27,3,1,133,1350,2
2491,18,158,64,106,4,15,98,98,72,98,112,27,3,1,133,1350,2
2492,18,158,66,105,2,14,98,98,72,98,112,27,3,1,133,1350,2
2493,18,158,66,105,2,14,98,98,74,98,111,25,3,1,133,1350,2
2494,18,158,67,104,2,14,98,98,74,98,111,25,3,1,133,1350,2
2495,18,158,67,104,2,14,98,98,75,98,111,25,3,1,133,1350,2
2496,18,158,68,103,2,12,98,98,75,98,111,25,3,1,133,1350,2
2497,18,158,68,103,2,12,98,98,77,98,111,24,3,1,133,1350,2
2498,18,158,69,101,2,10,98,98,77,98,111,24,3,1,133,1350,2
2499,18,158,69,101,2,10,98,98,78,98,111,24,3,1,133,1350,2
2500,19,158,71,100,2,9,98,98,78,98,111,24,3,1,133,1350,2
2501,19,158,71,100,2,9,98,98,80,98,111,24,3,1,133,1350,2
2502,20,158,72,98,2,7,98,98,80,98,111,24,3,1,133,1350,2
2503,20,158,72,98,2,7,98,98,81,98,111,24,3,1,133,1350,2
2504,21,158,73,97,2,6,98,98,81,98,111,24,3,1,133,1350,2
2505,21,158,73,97,2,6,98,98,83,98,111,25,3,1,133,1350,2
2506,22,158,74,95,2,4,98,98,83,98,111,25,3,1,133,1350,2
2507,22,158,74,95,2,4,98,98,84,98,111,25,3,1,133,1350,2
2508,23,158,76,94,2,3,98,98,84,98,111,25,3,1,133,1350,2
2509,23,158,76,94,2,3,98,98,86,98,111,29,3,1,133,1350,2
2510,24,157,77,93,2,2,98,98,86,98,111,29,3,1,133,1350,2
2511,24,157,77,93,2,2,98,98,87,98,111,29,3,1,133,1350,2
2512,25,155,78,92,2,2,98,98,87,98,111,29,3,1,133,1350,2
2513,25,155,78,92,2,2,98,98,89,98,111,32,3,1,133,1350,2
2514,25,155,78,92,2,2,98,98,89,98,111,32,3,1,133,1350,2
2515,25,155,78,92,2,2,98,98,89,98,111,32,3,1,133,1350,2
2516,25,155,78,92,2,2,98,98,89,98,111,32,3,1,133,1350,2
2517,25,155,78,92,2,2,98,98,89,98,111,32,3,1,133,1350,2
2518,25,155,78,92,2,2,98,98,89,98,111,32,3,1,133,1350,2
2519,25,155,78,92,2,2,98,98,89,98,111,32,3,1,133,1350,2
2520,25,155,78,92,2,2,98,98,89,98,111,32,3,1,133,1350,2
2521,25,155,78,92,2,2,98,98,89,98,111,32,3,1,133,1350,2
2522,25,155,78,92,2,2,98,98,89,98,111,32,3,1,133,1350,2
2523,25,155,78,92,2,2,98,98,89,98,111,32,3,1,133,1350,2
2524,25,155,78,92,2,2,98,98,89,98,111,32,3,1,133,1350,2
2525,25,155,78,92,2,2,98,98,89,98,111,32,3,1,133,1350,2
2526,25,155,78,92,2,2,98,98,89,98,111,32,3,1,133,1350,2
2527,25,155,78,92,2,2,98,98,89,98,111,32,3,1,133,1350,2
2528,25,155,78,92,2,2,98,98,89,98,111,32,3,1,133,1350,2
2529,25,155,78,92,2,2,98,98,89,98,111,32,3,1,133,1350,2
2530,25,155,78,92,2,2,98,98,89,98,111,32,3,1,133,1350,2
2531,25,155,78,92,2,2,98,98,89,98,111,32,3,1,133,1350,2
2532,25,155,78,92,2,2,98,98,89,98,111,32,3,1,133,1350,2
2533,25,155,78,92,2,2,98,98,89,98,111,32,3,1,133,1350,2
2534,25,155,78,92,2,2,98,98,89,98,111,32,3,1,133,1350,2
2535,25,155,78,92,2,2,98,98,89,98,111,32,3,1,133,1350,2
2536,25,155,78,92,2,2,98,98,89,98,111,32,3,1,133,1350,2
2537,25,155,78,92,2,2,98,98,89,98,111,32,3,1,133,1350,2
2538,25,155,78,92,2,2,98,98,89,98,111,32,3,1,133,1350,2
2539,25,155,78,92,2,2,98,98,89,98,111,32,3,1,133,1350,2
2540,25,155,78,92,2,2,98,98,89,98,111,32,3,1,133,1350,2
2541,25,155,78,92,2,2,98,98,89,98,111,32,3,1,133,1350,2
2542,25,155,78,92,2,2,98,98,89,98,111,32,3,1,133,1350,2
2543,25,155,78,92,2,2,98,98,89,98,111,32,3,1,133,1350,2
2544,25,155,78,92,2,2,98,98,89,98,111,32,3,1,133,1350,2
2545,25,155,78,92,2,2,98,98,89,98,111,32,3,1,133,1350,2
2546,25,155,78,92,2,2,98,98,89,98,111,32,3,1,133,1350,2
2547,25,155,78,92,2,2,98,98,89,98,111,32,3,1,133,1350,2
2548,25,155,78,92,2,2,98,98,89,98,111,32,3,1,133,1350,2
2549,25,155,78,92,2,2,98,98,89,98,111,32,3,1,133,1350,2
2550,25,155,78,92,2,2,98,98,89,98,111,32,3,1,133,1350,2
2551,25,155,78,92,2,2,98,98,89,98,111,32,3,1,133,1350,2
2552,25,155,78,92,2,2,98,98,89,98,111,32,3,1,133,1350,2
2553,25,155,78,92,2,2,98,98,89,98,0,32,3,0,133,1350,2
2554,25,155,78,92,2,2,98,98,89,98,0,32,3,0,133,1350,2
2555,25,155,78,92,2,2,98,98,89,98,0,32,3,0,133,1350,2
2556,25,155,78,92,2,2,98,98,89,98,0,32,3,0,133,1350,2
2557,25,155,78,92,2,2,98,98,89,98,0,32,3,0,133,1350,2
2558,25,155,78,92,2,2,98,98,89,98,0,32,3,0,133,1350,2
2559,25,155,78,92,2,2,98,98,89,98,0,32,3,0,133,1350,2
2560,25,155,78,92,2,2,98,98,89,98,0,32,3,0,133,1350,2
2561,25,155,78,92,2,2,98,98,89,98,0,32,3,1,133,1350,2
2562,25,155,78,92,2,2,98,98,89,98,0,32,3,1,133,1350,2
2563,25,155,78,92,2,2,98,98,89,98,0,32,3,1,133,1350,2
2564,25,155,78,92,2,2,98,98,89,98,0,32,3,1,133,1350,2
2565,25,155,78,92,2,2,98,98,89,98,0,32,3,1,133,1350,2
2566,25,155,78,92,2,2,98,98,89,98,0,32,3,1,133,1350,2
2567,25,155,78,92,2,2,98,98,89,98,0,32,3,1,133,1350,2
2568,25,155,78,92,2,2,98,98,89,98,0,32,3,1,133,1350,2
2569,25,155,78,92,2,2,98,98,89,98,0,32,3,2,133,1350,2
2570,25,155,78,92,2,2,98,98,89,98,0,32,3,2,133,1350,2
2571,25,155,78,92,2,2,98,98,89,98,0,32,3,2,133,1350,2
2572,25,155,78,92,2,2,98,98,89,98,0,32,3,2,133,1350,2
2573,25,155,78,92,2,2,98,98,89,98,0,32,3,2,133,1350,2
2574,25,155,78,92,2,2,98,98,89,98,0,32,3,2,133,1350,2
2575,25,155,78,92,2,2,98,98,89,98,0,32,3,2,133,1350,2
2576,25,155,78,92,2,2,98,98,89,98,0,32,3,2,133,1350,2
2577,25,155,78,92,2,2,98,98,89,98,0,32,3,3,133,1350,2
2578,25,155,78,92,2,2,98,98,89,98,0,32,3,3,133,1350,2
2579,25,155,78,92,2,2,98,98,89,98,0,32,3,3,133,1350,2
2580,25,155,78,92,2,2,98,98,89,98,0,32,3,3,133,1350,2
2581,25,155,78,92,2,2,98,98,89,98,0,32,3,3,133,1350,2
2582,25,155,78,92,2,2,98,98,89,98,0,32,3,3,133,1350,2
2583,25,155,78,92,2,2,98,98,89,98,0,32,3,3,133,1350,2
2584,25,155,78,92,2,2,98,98,89,98,0,32,3,3,133,1350,2
2585,25,155,78,92,2,2,98,98,89,98,0,32,3,0,133,1350,2
2586,25,155,78,92,2,2,98,98,89,98,0,32,3,0,133,1350,2
2587,25,155,78,92,2,2,98,98,89,98,0,32,3,0,133,1350,2
2588,25,155,78,92,2,2,98,98,89,98,0,32,3,0,133,1350,2
2589,25,155,78,92,2,2,98,98,89,98,0,32,3,0,133,1350,2
2590,25,155,78,92,2,2,98,98,89,98,0,32,3,0,133,1350,2
2591,25,155,78,92,2,2,98,98,89,98,0,32,3,0,133,1350,2
2592,25,155,78,92,2,2,98,98,89,98,0,32,3,0,133,1350,2
2593,25,155,78,92,2,2,98,98,89,98,0,32,3,1,133,1350,2
2594,88,88,88,88,80,80,80,50,88,98,0,32,3,3,133,1350,1
2595,88,88,88,88,80,80,80,50,88,98,0,32,3,3,133,1350,1
2596,88,88,88,88,80,80,80,50,88,98,0,32,3,3,133,1350,1
2597,88,88,88,88,80,80,80,50,88,98,0,32,3,3,133,1350,1
2598,88,88,88,88,80,80,80,50,88,98,0,32,3,3,133,1350,1
2599,88,88,88,88,80,80,80,50,88,98,0,32,3,3,133,1350,1
2600,88,88,88,88,80,80,80,50,88,98,0,32,3,3,133,1350,1
2601,88,88,88,88,80,80,80,50,88,98,0,32,3,3,133,1350,1
2602,88,88,88,88,80,80,80,50,88,98,0,32,3,3,133,1350,1
2603,88,88,88,88,80,80,80,50,88,98,0,32,3,3,133,1350,1
2604,88,88,88,88,80,80,80,50,88,98,0,32,3,3,133,1350,1
2605,88,88,88,88,80,80,80,50,88,98,0,32,3,3,133,1350,1
2606,88,88,88,88,80,80,80,50,88,98,0,32,3,3,133,1350,1
2607,88,88,88,88,80,80,80,50,88,98,0,32,3,3,133,1350,1
2608,88,88,88,88,80,80,80,50,88,98,0,32,3,3,133,1350,1
2609,88,88,88,88,80,80,80,50,88,98,0,32,3,3,133,1350,1
2610,88,88,88,88,80,80,80,50,88,98,0,32,3,3,133,1350,1
2611,88,88,88,88,80,80,80,50,88,98,0,32,3,3,133,1350,1
2612,88,88,88,88,80,80,80,50,88,98,0,32,3,3,133,1350,1
2613,88,88,88,88,80,80,80,50,88,98,0,32,3,3,133,1350,1
2614,88,88,88,88,80,80,80,50,88,98,0,32,3,3,133,1350,1
2615,88,88,88,88,80,80,80,50,88,98,0,32,3,3,133,1350,1
2616,88,88,88,88,80,80,80,50,88,98,0,32,3,3,133,1350,1
2617,88,88,88,88,80,80,80,50,88,98,0,32,3,3,133,1350,1
2618,88,88,88,88,80,80,80,50,88,98,0,32,3,3,133,1350,1
2619,88,88,88,88,80,80,80,50,88,98,0,32,3,3,133,1350,1
2620,88,88,88,88,80,80,80,50,88,98,0,32,3,3,133,1350,1
2621,88,88,88,88,80,80,80,50,88,98,0,32,3,3,133,1350,1
2622,88,88,88,88,80,80,80,50,88,98,0,32,3,3,133,1350,1
2623,88,88,88,88,80,80,80,50,88,98,0,32,3,3,133,1350,1
2624,88,88,88,88,80,80,80,50,88,98,0,32,3,3,133,1350,1
2625,88,88,88,88,80,80,80,50,88,98,0,32,3,3,133,1350,1
2626,88,88,88,88,80,80,80,50,88,98,0,32,3,3,133,1350,1
2627,88,88,88,88,80,80,80,50,88,98,0,32,3,3,133,1350,1
2628,88,88,88,88,80,80,80,50,88,98,0,32,3,3,133,1350,1
2629,88,88,88,88,80,80,80,50,88,98,0,32,3,3,133,1350,1
2630,88,88,88,88,80,80,80,50,88,98,0,32,3,3,133,1350,1
2631,88,88,88,88,80,80,80,50,88,98,0,32,3,3,133,1350,1
2632,88,88,88,88,80,80,80,50,88,98,0,32,3,3,133,1350,1
2633,88,88,88,88,80,80,80,50,88,98,0,32,3,3,133,1350,1
2634,88,88,88,88,80,80,80,50,88,98,0,32,3,3,133,1350,1
2635,88,88,88,88,80,80,80,50,88,98,0,32,3,3,133,1350,1
2636,88,88,88,88,80,80,80,50,88,98,0,32,3,3,133,1350,1
2637,88,88,88,88,80,80,80,50,88,98,0,32,3,3,133,1350,1
2638,88,88,88,88,80,80,80,50,88,98,0,32,3,3,133,1350,1
2639,88,88,88,88,80,80,80,50,88,98,0,32,3,3,133,1350,1
2640,88,88,88,88,80,80,80,50,88,98,0,32,3,3,133,1350,1
2641,88,88,88,88,80,80,80,50,88,98,0,32,3,3,133,1350,1
2642,88,88,88,88,80,80,80,50,88,98,0,32,3,3,133,1350,1
2643,88,88,88,88,80,80,80,50,88,98,0,32,3,3,133,1350,1
2644,88,88,88,88,80,80,80,50,88,98,0,32,3,3,133,1350,1
2645,88,88,88,88,80,80,80,50,88,98,0,32,3,3,133,1350,1
2646,88,88,88,88,80,80,80,50,88,98,0,32,3,3,133,1350,1
2647,88,88,88,88,80,80,80,50,88,98,0,32,3,3,133,1350,1
2648,88,88,88,88,80,80,80,50,88,98,0,32,3,3,133,1350,1
2649,88,88,88,88,80,80,80,50,88,98,0,32,3,3,133,1350,1
2650,88,88,88,88,80,80,80,50,88,98,0,32,3,3,133,1350,1
2651,88,88,88,88,80,80,80,50,88,98,0,32,3,3,133,1350,1
2652,88,88,88,88,80,80,80,50,88,98,0,32,3,3,133,1350,1
2653,88,88,88,88,80,80,80,50,88,98,0,32,3,3,133,1350,1
2654,88,88,88,88,80,80,80,50,88,98,0,32,3,3,133,1350,1
2655,88,88,88,88,80,80,80,50,88,98,0,32,3,3,133,1350,1
2656,88,88,88,88,80,80,80,50,88,98,0,32,3,3,133,1350,1
2657,88,88,88,88,80,80,80,50,88,98,0,32,3,3,133,1350,1
2658,88,88,88,88,80,80,80,50,88,98,0,32,3,3,133,1350,1
2659,88,88,88,88,80,80,80,50,88,98,0,32,3,3,133,1350,1
2660,88,88,88,88,80,80,80,50,88,98,0,32,3,3,133,1350,1
2661,88,88,88,88,80,80,80,50,88,98,0,32,3,3,133,1350,1
2662,88,88,88,88,80,80,80,50,88,98,0,32,3,3,133,1350,1
2663,88,88,88,88,80,80,80,50,88,98,0,32,3,3,133,1350,1
2664,88,88,88,88,80,80,80,50,88,98,0,32,3,3,133,1350,1
2665,88,88,88,88,80,80,80,50,88,98,0,32,3,3,133,1350,1
2666,88,88,88,88,80,80,80,50,88,98,0,32,3,3,133,1350,1
2667,88,88,88,88,80,80,80,50,88,98,0,32,3,3,133,1350,1
2668,88,88,88,88,80,80,80,50,88,98,0,32,3,3,133,1350,1
2669,88,88,88,88,80,80,80,50,88,98,0,32,3,3,133,1350,1
2670,88,88,88,88,80,80,80,50,88,98,0,32,3,3,133,1350,1
2671,88,88,88,88,80,80,80,50,88,98,0,32,3,3,133,1350,1
2672,88,88,88,88,80,80,80,50,88,98,0,32,3,3,133,1350,1
2673,88,88,88,88,80,80,80,50,88,98,0,32,3,3,133,1350,1
2674,88,88,88,88,80,80,80,50,88,98,0,32,3,3,133,1350,1
2675,88,88,88,88,80,80,80,50,88,98,0,32,3,3,133,1350,1
2676,88,88,88,88,80,80,80,50,88,98,0,32,3,3,133,1350,1
2677,88,88,88,88,80,80,80,50,88,98,0,32,3,3,133,1350,1
2678,88,88,88,88,80,80,80,50,88,98,0,32,3,3,133,1350,1
2679,88,88,88,88,80,80,80,50,88,98,0,32,3,3,133,1350,1
2680,88,88,88,88,80,80,80,50,88,98,0,32,3,3,133,1350,1
2681,88,88,88,88,80,80,80,50,88,98,0,32,3,3,133,1350,1
2682,88,88,88,88,80,80,80,50,88,98,0,32,3,3,133,1350,1
2683,88,88,88,88,80,80,80,50,88,98,0,32,3,3,133,1350,1
2684,88,88,88,88,80,80,80,50,88,98,0,32,3,3,133,1350,1
2685,88,88,88,88,80,80,80,50,88,98,0,32,3,3,133,1350,1
2686,88,88,88,88,80,80,80,50,88,98,0,32,3,3,133,1350,1
2687,88,88,88,88,80,80,80,50,88,98,0,32,3,3,133,1350,1
2688,88,88,88,88,80,80,80,50,88,98,0,32,3,3,133,1350,1
2689,88,88,88,88,80,80,80,50,88,98,0,32,3,3,133,1350,1
2690,88,88,88,88,80,80,80,50,88,98,0,32,3,3,133,1350,1
2691,88,88,88,88,80,80,80,50,88,98,0,32,3,3,133,1350,1
2692,88,88,88,88,80,80,80,50,88,98,0,32,3,3,133,1350,1
2693,88,88,88,88,80,80,80,50,88,98,0,32,3,3,133,1350,1
2694,88,88,88,88,80,80,80,50,88,98,0,32,3,3,133,1350,1
2695,88,88,88,88,80,80,80,50,88,98,0,32,3,3,133,1350,1
2696,88,88,88,88,80,80,80,50,88,98,0,32,3,3,133,1350,1
2697,88,88,88,88,80,80,80,50,88,98,0,32,3,3,133,1350,1
2698,88,88,88,88,80,80,80,50,88,98,0,32,3,3,133,1350,1
2699,88,88,88,88,80,80,80,50,88,98,0,32,3,3,133,1350,1
2700,88,88,88,88,80,80,80,50,88,98,0,32,3,3,133,1350,1
2701,88,88,88,88,80,80,80,50,88,98,0,32,3,3,133,1350,1
2702,88,88,88,88,80,80,80,50,88,98,0,32,3,3,133,1350,1
2703,88,88,88,88,80,80,80,50,88,98,0,32,3,3,133,1350,1
2704,88,88,88,88,80,80,80,50,88,98,0,32,3,3,133,1350,1
2705,88,88,88,88,80,80,80,50,88,98,0,32,3,3,133,1350,1
2706,88,88,88,88,80,80,80,50,88,98,0,32,3,3,133,1350,1
2707,88,88,88,88,80,80,80,50,88,98,0,32,3,3,133,1350,1
2708,88,88,88,88,80,80,80,50,88,98,0,32,3,3,133,1350,1
2709,88,88,88,88,80,80,80,50,88,98,0,32,3,3,133,1350,1
2710,88,88,88,88,80,80,80,50,88,98,0,32,3,3,133,1350,1
2711,88,88,88,88,80,80,80,50,88,98,0,32,3,3,133,1350,1
2712,88,88,88,88,80,80,80,50,88,98,0,32,3,3,133,1350,1
2713,88,88,88,88,80,80,80,50,86,98,0,32,3,3,133,1350,1
2714,89,90,89,90,80,80,80,50,86,98,0,32,3,3,133,1350,1
2715,89,90,89,90,80,80,80,50,85,98,0,32,3,3,133,1350,1
2716,91,91,91,91,80,80,80,50,85,98,0,32,3,3,133,1350,1
2717,91,91,91,91,80,80,80,50,83,98,0,32,3,3,133,1350,1
2718,92,93,92,92,80,80,80,50,83,98,0,32,3,3,133,1350,1
2719,92,93,92,92,80,80,80,50,82,98,0,32,3,3,133,1350,1
2720,94,94,93,93,80,79,80,50,82,98,0,32,3,3,133,1350,1
2721,94,94,93,93,80,79,80,50,80,98,0,32,3,3,133,1350,1
2722,94,94,94,95,79,77,80,50,80,98,0,32,3,3,133,1350,1
2723,94,94,94,95,79,77,80,50,79,98,0,32,3,3,133,1350,1
2724,94,94,94,96,77,76,78,50,79,98,0,32,3,3,133,1350,1
2725,94,94,94,96,77,76,78,50,77,98,0,32,3,3,133,1350,1
2726,94,94,94,98,76,74,77,50,77,98,0,32,3,3,133,1350,1
2727,94,94,94,98,76,74,77,50,76,98,0,32,3,3,133,1350,1
2728,94,94,94,99,74,73,76,50,76,98,0,32,3,3,133,1350,1
2729,94,94,94,99,74,73,76,50,74,98,0,32,3,3,133,1350,1
2730,94,94,94,101,73,71,75,50,74,98,0,32,3,3,133,1350,1
2731,94,94,94,101,73,71,75,50,73,98,0,32,3,3,133,1350,1
2732,94,94,94,102,71,70,73,50,73,98,0,32,3,3,133,1350,1
2733,94,94,94,102,71,70,73,50,71,98,0,32,3,3,133,1350,1
2734,94,94,94,103,70,68,72,50,71,98,0,32,3,3,133,1350,1
2735,94,94,94,103,70,68,72,50,70,98,0,32,3,3,133,1350,1
2736,94,94,94,104,68,66,71,50,70,98,0,32,3,3,133,1350,1
2737,94,94,94,104,68,66,71,50,68,98,0,32,3,3,133,1350,1
2738,94,92,94,106,67,66,70,50,68,98,0,32,3,3,133,1350,1
2739,94,92,94,106,67,66,70,50,67,98,0,32,3,3,133,1350,1
2740,93,91,94,107,66,66,68,50,67,98,0,32,3,3,133,1350,1
2741,93,91,94,107,66,66,68,50,65,98,0,32,3,3,133,1350,1
2742,92,89,94,109,66,66,67,50,65,98,0,32,3,3,133,1350,1
2743,92,89,94,109,66,66,67,50,64,98,0,32,3,3,133,1350,1
2744,92,89,94,109,66,66,67,50,64,98,0,32,3,3,133,1350,1
2745,92,89,94,109,66,66,67,50,62,98,0,32,3,3,133,1350,1
2746,91,87,94,110,66,66,66,51,62,98,0,32,3,3,133,1350,1
2747,91,87,94,110,66,66,66,51,61,98,0,32,3,3,133,1350,1
2748,89,86,92,110,66,66,66,53,61,98,0,32,3,3,133,1350,1
2749,89,86,92,110,66,66,66,53,59,98,0,32,3,3,133,1350,1
2750,88,85,91,110,66,66,66,54,59,98,0,32,3,3,133,1350,1
2751,88,85,91,110,66,66,66,54,58,98,0,32,3,3,133,1350,1
2752,88,83,90,110,64,66,66,56,58,98,0,32,3,3,133,1350,1
2753,88,83,90,110,64,66,66,56,58,100,0,32,3,2,133,1350,1
2754,88,82,89,110,63,66,66,58,58,100,0,32,3,2,133,1350,1
2755,88,82,89,110,63,66,66,58,58,102,0,32,3,2,133,1350,1
2756,88,82,87,110,61,67,66,60,58,102,0,32,3,2,133,1350,1
2757,88,82,87,110,61,67,66,60,58,104,0,32,3,2,133,1350,1
2758,88,82,85,110,60,68,66,62,58,104,0,32,3,2,133,1350,1
2759,88,82,85,110,60,68,66,62,58,106,0,32,3,2,134,1350,1
2760,88,82,84,110,58,69,66,64,58,106,0,32,3,2,134,1350,1
2761,88,82,84,110,58,69,66,64,58,107,0,32,3,2,134,1350,1
2762,88,82,82,110,57,70,66,66,58,107,0,32,3,2,134,1350,1
2763,88,82,82,110,57,70,66,66,58,109,0,32,3,2,134,1350,1
2764,88,82,82,110,55,71,68,68,58,109,0,32,3,2,134,1350,1
2765,88,82,82,110,55,71,68,68,58,110,0,32,3,2,134,1350,1
2766,88,82,82,110,54,72,70,69,58,110,0,32,3,2,134,1350,1
2767,88,82,82,110,54,72,70,69,58,112,0,32,3,2,134,1350,1
2768,88,82,82,110,52,74,71,71,58,112,0,32,3,2,134,1350,1
2769,88,82,82,110,52,74,71,71,58,114,0,32,3,2,134,1350,1
2770,88,82,82,110,51,75,73,73,58,114,0,32,3,2,134,1350,1
2771,88,82,82,110,51,75,73,73,58,116,0,32,3,2,134,1350,1
2772,89,82,82,110,50,76,75,75,58,116,0,32,3,2,134,1350,1
2773,89,82,82,110,50,76,75,75,58,118,0,32,3,2,135,1360,1
2774,90,82,82,110,50,77,77,77,58,118,0,32,3,2,135,1360,1
2775,90,82,82,110,50,77,77,77,58,120,0,32,3,2,135,1360,1
2776,90,82,82,110,50,77,77,77,58,120,0,32,3,2,135,1360,1
2777,90,82,82,110,50,77,77,77,58,121,0,32,3,2,135,1360,1
2778,91,82,82,110,50,78,79,79,58,121,0,32,3,2,135,1360,1
2779,91,82,82,110,50,78,79,79,58,123,0,32,3,2,135,1360,1
2780,92,82,83,110,50,79,80,81,58,123,0,32,3,2,135,1360,1
2781,92,82,83,110,50,79,80,81,58,124,0,32,3,2,135,1360,1
2782,93,82,85,110,50,80,80,82,58,124,0,32,3,2,135,1360,1
2783,93,82,85,110,50,80,80,82,58,126,0,32,3,2,135,1360,1
2784,94,84,86,110,50,80,80,84,58,126,0,32,3,2,135,1360,1
2785,94,84,86,110,50,80,80,84,58,128,0,32,3,2,135,1360,1
2786,95,85,88,110,50,80,80,86,58,128,0,32,3,2,135,1360,1
2787,95,85,88,110,50,80,80,86,58,130,0,32,3,2,136,1370,1
2788,96,86,90,110,50,80,80,88,58,130,0,32,3,2,136,1370,1
2789,96,86,90,110,50,80,80,88,58,131,0,32,3,2,136,1370,1
2790,97,87,92,110,50,80,80,90,58,131,0,32,3,2,136,1370,1
2791,97,87,92,110,50,80,80,90,58,133,0,32,3,2,136,1370,1
2792,98,88,93,110,50,80,80,92,58,133,0,32,3,2,136,1370,1
2793,98,88,93,110,50,80,80,92,58,134,0,32,3,2,136,1370,1
2794,99,89,94,110,50,80,79,94,58,134,0,32,3,2,136,1370,1
2795,99,89,94,110,50,80,79,94,59,134,0,32,3,1,136,1370,1
2796,100,90,94,110,50,80,77,96,59,134,0,32,3,1,136,1370,1
2797,100,90,94,110,50,80,77,96,61,134,0,32,3,1,136,1370,1
2798,101,91,94,110,50,80,75,97,61,134,0,32,3,1,136,1370,1
2799,101,91,94,110,50,80,75,97,62,134,0,32,3,1,136,1370,1
2800,102,93,94,111,50,80,74,98,62,134,0,32,3,1,136,1370,1
2801,102,93,94,111,50,80,74,98,64,134,0,32,3,1,137,1380,1
2802,103,94,94,113,50,80,72,98,64,134,0,32,3,1,137,1380,1
2803,103,94,94,113,50,80,72,98,65,134,0,32,3,1,137,1380,1
2804,104,94,94,114,50,79,70,98,65,134,0,32,3,1,137,1380,1
2805,104,94,94,114,50,79,70,98,66,134,0,32,3,1,137,1380,1
2806,105,94,94,116,50,78,68,98,66,134,0,32,3,1,137,1380,1
2807,105,94,94,116,50,78,68,98,67,134,0,32,3,1,137,1380,1
2808,105,94,94,116,50,78,68,98,67,134,0,32,3,1,137,1380,1
2809,105,94,94,116,50,78,68,98,68,134,0,32,3,1,137,1380,1
2810,106,94,94,118,50,77,66,98,68,134,0,32,3,1,137,1380,1
2811,106,94,94,118,50,77,66,98,69,134,0,32,3,1,137,1380,1
2812,107,94,92,119,50,76,66,98,69,134,0,32,3,1,137,1380,1
2813,107,94,92,119,50,76,66,98,71,134,0,32,3,1,137,1380,1
2814,108,94,90,120,50,75,66,98,71,134,0,32,3,1,137,1380,1
2815,108,94,90,120,50,75,66,98,72,134,0,32,3,1,138,1390,1
2816,109,94,89,121,50,73,66,98,72,134,0,32,3,1,138,1390,1
2817,109,94,89,121,50,73,66,98,73,134,0,32,3,1,138,1390,1
2818,110,94,87,123,50,72,66,98,73,134,0,32,3,1,138,1390,1
2819,110,94,87,123,50,72,66,98,74,134,0,32,3,1,138,1390,1
2820,110,94,85,124,52,71,66,98,74,134,0,32,3,1,138,1390,1
2821,110,94,85,124,52,71,66,98,74,135,0,32,3,2,138,1390,1
2822,110,94,84,126,53,70,66,98,74,135,0,32,3,2,138,1390,1
2823,110,94,84,126,53,70,66,98,74,137,0,32,3,2,138,1390,1
2824,110,94,83,127,55,69,66,98,74,137,0,32,3,2,138,1390,1
2825,110,94,83,127,55,69,66,98,74,139,0,32,3,2,138,1390,1
2826,110,94,82,129,56,68,66,98,74,139,0,32,3,2,138,1390,1
2827,110,94,82,129,56,68,66,98,74,141,0,32,3,2,138,1390,1
2828,110,94,82,130,58,67,68,98,74,141,0,32,3,2,138,1390,1
2829,110,94,82,130,58,67,68,98,74,143,0,32,3,2,139,1400,1
2830,110,94,82,131,59,66,69,98,74,143,0,32,3,2,139,1400,1
2831,110,94,82,131,59,66,69,98,74,145,0,32,3,2,139,1400,1
2832,110,92,82,132,61,66,70,98,74,145,0,32,3,2,139,1400,1
2833,110,92,82,132,61,66,70,98,74,146,0,32,3,2,139,1400,1
2834,110,91,82,134,62,66,71,98,74,146,0,32,3,2,139,1400,1
2835,110,91,82,134,62,66,71,98,74,148,0,32,3,2,139,1400,1
2836,110,90,82,134,62,66,73,100,74,148,0,32,3,2,139,1400,1
2837,110,90,82,134,62,66,73,100,74,149,0,32,3,2,139,1400,1
2838,110,89,82,134,63,66,74,102,74,149,0,32,3,2,139,1400,1
2839,110,89,82,134,63,66,74,102,74,151,0,32,3,2,139,1400,1
2840,110,89,82,134,63,66,74,102,74,151,0,32,3,2,139,1400,1
2841,110,89,82,134,63,66,74,102,74,153,0,32,3,2,139,1400,1
2842,110,88,82,134,64,66,75,104,74,153,0,32,3,2,139,1400,1
2843,110,88,82,134,64,66,75,104,74,155,0,32,3,2,140,1410,1
2844,110,87,82,134,66,66,77,106,74,155,0,32,3,2,140,1410,1
2845,110,87,82,134,66,66,77,106,74,156,0,32,3,2,140,1410,1
2846,110,85,82,134,67,66,78,107,74,156,0,32,3,2,140,1410,1
2847,110,85,82,134,67,66,78,107,74,158,0,32,3,2,140,1410,1
2848,110,83,82,134,69,66,79,109,74,158,0,32,3,2,140,1410,1
2849,110,83,82,134,69,66,79,109,73,158,0,32,3,3,140,1410,1
2850,110,82,82,134,70,67,80,111,73,158,0,32,3,3,140,1410,1
2851,110,82,82,134,70,67,80,111,72,158,0,32,3,3,140,1410,1
2852,110,82,84,134,72,68,80,113,72,158,0,32,3,3,140,1410,1
2853,110,82,84,134,72,68,80,113,70,158,0,32,3,3,140,1410,1
2854,110,82,85,134,73,70,80,115,70,158,0,32,3,3,140,1410,1
2855,110,82,85,134,73,70,80,115,69,158,0,32,3,3,140,1410,1
2856,110,82,86,134,75,71,80,117,69,158,0,32,3,3,140,1410,1
2857,110,82,86,134,75,71,80,117,67,158,0,32,3,3,141,1420,1
2858,110,82,87,134,76,73,80,119,67,158,0,32,3,3,141,1420,1
2859,110,82,87,134,76,73,80,119,66,158,0,32,3,3,141,1420,1
2860,110,82,89,134,78,74,80,121,66,158,0,32,3,3,141,1420,1
2861,110,82,89,134,78,74,80,121,65,158,0,32,3,3,141,1420,1
2862,110,82,90,134,79,76,80,122,65,158,0,32,3,3,141,1420,1
2863,110,82,90,134,79,76,80,122,64,158,0,32,3,3,141,1420,1
2864,110,82,91,135,81,78,80,122,64,158,0,32,3,3,141,1420,1
2865,110,82,91,135,81,78,80,122,63,158,0,32,3,3,141,1420,1
2866,110,82,92,137,82,80,80,122,63,158,0,32,3,3,141,1420,1
2867,110,82,92,137,82,80,80,122,62,158,0,32,3,3,141,1420,1
2868,110,83,94,138,84,80,80,122,62,158,0,32,3,3,141,1420,1
2869,110,83,94,138,84,80,80,122,60,158,0,32,3,3,141,1420,1
2870,110,85,94,140,85,80,79,122,60,158,0,32,3,3,141,1420,1
2871,110,85,94,140,85,80,79,122,59,158,0,32,3,3,142,1430,1
2872,110,85,94,140,85,80,79,122,59,158,0,32,3,3,142,1430,1
2873,110,85,94,140,85,80,79,122,58,158,0,32,3,3,142,1430,1
2874,110,87,94,142,86,80,78,122,58,158,0,32,3,3,142,1430,1
2875,110,87,94,142,86,80,78,122,57,158,0,32,3,3,142,1430,1
2876,110,88,94,143,86,80,76,122,57,158,0,32,3,3,142,1430,1
2877,110,88,94,143,86,80,76,122,56,158,0,32,3,3,142,1430,1
2878,110,90,94,144,87,80,75,122,56,158,0,32,3,3,142,1430,1
2879,110,90,94,144,87,80,75,122,55,158,0,32,3,3,142,1430,1
2880,110,92,94,145,89,80,74,122,55,158,0,32,3,3,142,1430,1
2881,110,92,94,145,89,80,74,122,53,158,0,32,3,3,142,1430,1
2882,110,94,94,147,90,80,73,122,53,158,0,32,3,3,142,1430,1
2883,110,94,94,147,90,80,73,122,52,158,0,32,3,3,142,1430,1
2884,110,94,94,148,92,79,71,122,52,158,0,32,3,3,142,1430,1
2885,110,94,94,148,92,79,71,122,50,158,0,32,3,3,143,1440,1
2886,110,94,94,150,93,77,70,122,50,158,0,32,3,3,143,1440,1
2887,110,94,94,150,93,77,70,122,49,158,0,32,3,3,143,1440,1
2888,110,94,94,151,95,76,69,122,49,158,0,32,3,3,143,1440,1
2889,110,94,94,151,95,76,69,122,50,158,0,32,3,1,143,1440,1
2890,110,94,94,153,96,74,68,122,50,158,0,32,3,1,143,1440,1
2891,110,94,94,153,96,74,68,122,51,158,0,32,3,1,143,1440,1
2892,110,94,94,154,98,73,66,122,51,158,0,32,3,1,143,1440,1
2893,110,94,94,154,98,73,66,122,52,158,0,32,3,1,143,1440,1
2894,111,94,93,155,98,71,66,122,52,158,0,32,3,1,143,1440,1
2895,111,94,93,155,98,71,66,122,53,158,0,32,3,1,143,1440,1
2896,112,94,92,156,98,69,66,122,53,158,0,32,3,1,143,1440,1
2897,112,94,92,156,98,69,66,122,55,158,0,32,3,1,143,1440,1
2898,113,94,91,158,98,67,66,122,55,158,0,32,3,1,143,1440,1
2899,113,94,91,158,98,67,66,122,56,158,0,32,3,1,143,1440,1
2900,114,94,89,158,98,66,66,124,56,158,0,32,3,1,143,1440,1
2901,114,94,89,158,98,66,66,124,58,158,0,32,3,1,143,1440,1
2902,115,92,88,158,98,66,66,126,58,158,0,32,3,1,143,1440,1
2903,115,92,88,158,98,66,66,126,59,158,0,32,3,1,143,1440,1
2904,115,92,88,158,98,66,66,126,59,158,0,32,3,1,143,1440,1
2905,115,92,88,158,98,66,66,126,61,158,0,32,3,1,143,1440,1
2906,116,90,86,158,98,66,66,128,61,158,0,32,3,1,143,1440,1
2907,116,90,86,158,98,66,66,128,62,158,0,32,3,1,143,1440,1
2908,117,89,84,158,98,66,66,130,62,158,0,32,3,1,143,1440,1
2909,117,89,84,158,98,66,66,130,64,158,0,32,3,1,143,1440,1
2910,118,88,82,158,98,65,66,131,64,158,0,32,3,1,143,1440,1
2911,118,88,82,158,98,65,66,131,65,158,0,32,3,1,143,1440,1
2912,119,88,82,158,98,63,67,133,65,158,0,32,3,1,143,1440,1
2913,119,88,82,158,98,63,67,133,67,158,0,32,3,1,143,1440,1
2914,120,88,82,158,98,61,69,135,67,158,0,32,3,1,143,1440,1
2915,120,88,82,158,98,61,69,135,68,158,0,32,3,1,143,1440,1
2916,121,88,82,158,98,60,71,137,68,158,0,32,3,1,143,1440,1
2917,121,88,82,158,98,60,71,137,70,158,0,32,3,1,143,1440,1
2918,122,88,82,158,98,58,73,139,70,158,0,32,3,1,143,1440,1
2919,122,88,82,158,98,58,73,139,71,158,0,32,3,1,143,1440,1
2920,123,88,82,158,98,57,74,141,71,158,0,32,3,1,143,1440,1
2921,123,88,82,158,98,57,74,141,73,158,0,32,3,1,143,1440,1
2922,124,88,82,158,98,55,76,143,73,158,0,32,3,1,143,1440,1
2923,124,88,82,158,98,55,76,143,74,158,0,32,3,1,143,1440,1
2924,125,88,82,158,98,54,78,145,74,158,0,32,3,1,143,1440,1
2925,125,88,82,158,98,54,78,145,76,158,0,32,3,1,143,1440,1
2926,126,88,82,158,98,52,80,146,76,158,0,32,3,1,143,1440,1
2927,126,88,82,158,98,52,80,146,77,158,0,32,3,1,143,1440,1
2928,126,88,83,158,98,50,80,148,77,158,0,32,3,1,143,1440,1
2929,126,88,83,158,98,50,80,148,79,158,0,32,3,1,143,1440,1
2930,127,87,85,158,98,50,80,150,79,158,0,32,3,1,143,1440,1
2931,127,87,85,158,98,50,80,150,80,158,0,32,3,1,144,1440,1
2932,128,86,87,158,98,50,80,152,80,158,0,32,3,1,144,1440,1
2933,128,86,87,158,98,50,80,152,81,158,0,32,3,1,144,1440,1
2934,129,85,89,158,98,50,80,154,81,158,0,32,3,1,144,1440,1
2935,129,85,89,158,98,50,80,154,82,158,0,32,3,1,144,1440,1
2936,129,85,89,158,98,50,80,154,82,158,0,32,3,1,144,1440,1
2937,129,85,89,158,98,50,80,154,83,158,0,32,3,1,144,1440,1
2938,130,84,91,158,98,50,80,156,83,158,0,32,3,1,144,1440,1
2939,130,84,91,158,98,50,80,156,84,158,0,32,3,1,144,1440,1
2940,131,83,93,158,98,50,80,158,84,158,0,32,3,1,144,1440,1
2941,131,83,93,158,98,50,80,158,86,158,0,32,3,1,144,1440,1
2942,132,82,94,157,98,50,79,158,86,158,0,32,3,1,144,1440,1
2943,132,82,94,157,98,50,79,158,87,158,0,32,3,1,144,1440,1
2944,133,80,94,156,98,50,78,158,87,158,0,32,3,1,144,1440,1
2945,133,80,94,156,98,50,78,158,89,158,0,32,3,1,144,1440,1
2946,134,79,94,154,98,50,76,158,89,158,0,32,3,1,144,1440,1
2947,134,79,94,154,98,50,76,158,90,158,0,32,3,1,144,1440,1
2948,134,78,94,153,100,50,74,158,90,158,0,32,3,1,144,1440,1
2949,134,78,94,153,100,50,74,158,92,158,0,32,3,1,145,1450,1
2950,134,77,94,151,101,50,72,158,92,158,0,32,3,1,145,1450,1
2951,134,77,94,151,101,50,72,158,93,158,0,32,3,1,145,1450,1
2952,134,76,94,150,103,50,71,158,93,158,0,32,3,1,145,1450,1
2953,134,76,94,150,103,50,71,158,94,158,0,32,3,1,145,1450,1
2954,134,75,94,148,104,50,69,158,94,158,0,32,3,1,145,1450,1
2955,134,75,94,148,104,50,69,158,95,158,0,32,3,1,145,1450,1
2956,134,74,94,147,106,50,67,158,95,158,0,32,3,1,145,1450,1
2957,134,74,94,147,106,50,67,158,96,158,0,32,3,1,145,1450,1
2958,134,73,93,146,107,50,66,158,96,158,0,32,3,1,145,1450,1
2959,134,73,93,146,107,50,66,158,97,158,0,32,3,1,145,1450,1
2960,134,71,92,145,109,50,66,158,97,158,0,32,3,1,145,1450,1
2961,134,71,92,145,109,50,66,158,99,158,0,32,3,1,145,1450,1
2962,134,70,90,143,110,50,66,158,99,158,0,32,3,1,145,1450,1
2963,134,70,90,143,110,50,66,158,100,158,0,32,3,1,146,1460,1
2964,134,69,88,142,112,50,66,158,100,158,0,32,3,1,146,1460,1
2965,134,69,88,142,112,50,66,158,101,158,0,32,3,1,146,1460,1
2966,134,68,88,140,113,50,64,158,101,158,0,32,3,1,146,1460,1
2967,134,68,88,140,113,50,64,158,102,158,0,32,3,1,146,1460,1
2968,134,68,88,140,113,50,64,158,102,158,0,32,3,1,146,1460,1
2969,134,68,88,140,113,50,64,158,103,158,0,32,3,1,146,1460,1
2970,134,67,88,138,114,50,62,158,103,158,0,32,3,1,146,1460,1
2971,134,67,88,138,114,50,62,158,104,158,0,32,3,1,146,1460,1
2972,134,66,88,137,116,50,60,158,104,158,0,32,3,1,146,1460,1
2973,134,66,88,137,116,50,60,158,106,158,0,32,3,1,146,1460,1
2974,134,65,88,136,117,50,58,158,106,158,0,32,3,1,146,1460,1
2975,134,65,88,136,117,50,58,158,107,158,0,32,3,1,146,1460,1
2976,134,63,88,135,119,50,57,158,107,158,0,32,3,1,146,1460,1
2977,134,63,88,135,119,50,57,158,109,158,0,32,3,1,147,1470,1
2978,134,62,88,134,120,50,55,157,109,158,0,32,3,1,147,1470,1
2979,134,62,88,134,120,50,55,157,110,158,0,32,3,1,147,1470,1
2980,134,61,88,134,122,50,53,155,110,158,0,32,3,1,147,1470,1
2981,134,61,88,134,122,50,53,155,111,158,0,32,3,1,147,1470,1
2982,135,60,88,134,122,50,51,153,111,158,0,32,3,1,147,1470,1
2983,135,60,88,134,122,50,51,153,112,158,0,32,3,1,147,1470,1
2984,136,59,88,134,122,50,50,151,112,158,0,32,3,1,147,1470,1
2985,136,59,88,134,122,50,50,151,113,158,0,32,3,1,147,1470,1
2986,137,58,89,134,122,50,50,149,113,158,0,32,3,1,147,1470,1
2987,137,58,89,134,122,50,50,149,112,158,0,32,3,3,147,1470,1
2988,138,57,91,134,122,50,50,147,112,158,0,32,3,3,147,1470,1
2989,138,57,91,134,122,50,50,147,110,158,0,32,3,3,147,1470,1
2990,139,56,92,134,122,50,50,146,110,158,0,32,3,3,147,1470,1
2991,139,56,92,134,122,50,50,146,109,158,0,32,3,3,147,1470,1
2992,140,54,93,134,122,50,50,144,109,158,0,32,3,3,147,1470,1
2993,140,54,93,134,122,50,50,144,107,158,0,32,3,3,147,1470,1
2994,141,53,94,134,122,50,50,142,107,158,0,32,3,3,147,1470,1
2995,141,53,94,134,122,50,50,142,106,158,0,32,3,3,147,1470,1
2996,142,52,96,134,122,50,50,140,106,158,0,32,3,3,147,1470,1
2997,142,52,96,134,122,50,50,140,104,158,0,32,3,3,147,1470,1
2998,143,51,97,134,122,50,50,138,104,158,0,32,3,3,147,1470,1
2999,143,51,97,134,122,50,50,138,103,158,0,32,3,3,147,1470,1
3000,143,51,97,134,122,50,50,138,103,158,0,32,3,3,147,1470,1
3001,143,51,97,134,122,50,50,138,102,157,0,32,3,0,147,1470,1
3002,144,50,98,134,122,50,50,136,102,157,0,32,3,0,147,1470,1
3003,144,50,98,134,122,50,50,136,102,155,0,32,3,0,147,1470,1
3004,145,49,100,134,122,50,50,134,102,155,0,32,3,0,147,1470,1
3005,145,49,100,134,122,50,50,134,102,153,0,32,3,0,147,1470,1
3006,146,48,101,134,122,50,50,133,102,153,0,32,3,0,147,1470,1
3007,146,48,101,134,122,50,50,133,102,151,0,32,3,0,147,1470,1
3008,147,46,102,134,122,50,50,131,102,151,0,32,3,0,147,1470,1
3009,147,46,102,134,122,50,50,131,102,149,0,32,3,0,147,1470,1
3010,148,45,103,134,122,50,50,129,102,149,0,32,3,0,147,1470,1
3011,148,45,103,134,122,50,50,129,102,147,0,32,3,0,147,1470,1
3012,149,44,105,134,122,50,50,127,102,147,0,32,3,0,147,1470,1
3013,149,44,105,134,122,50,50,127,102,149,0,32,3,2,147,1470,1
3014,150,43,106,134,122,50,50,125,102,149,0,32,3,2,147,1470,1
3015,150,43,106,134,122,50,50,125,102,151,0,32,3,2,147,1470,1
3016,151,42,107,134,122,50,50,123,102,151,0,32,3,2,147,1470,1
3017,151,42,107,134,122,50,50,123,102,153,0,32,3,2,147,1470,1
3018,152,42,108,135,122,50,50,122,102,153,0,32,3,2,147,1470,1
3019,152,42,108,135,122,50,50,122,102,155,0,32,3,2,147,1470,1
3020,153,42,110,136,122,49,50,122,102,155,0,32,3,2,147,1470,1
3021,153,42,110,136,122,49,50,122,102,157,0,32,3,2,147,1470,1
3022,154,42,110,137,122,47,52,122,102,157,0,32,3,2,147,1470,1
3023,154,42,110,137,122,47,52,122,102,158,0,32,3,2,147,1470,1
3024,155,42,110,138,122,45,53,122,102,158,0,32,3,2,147,1470,1
3025,155,42,110,138,122,45,53,122,104,158,0,32,3,1,147,1470,1
3026,156,42,110,140,122,43,55,122,104,158,0,32,3,1,147,1470,1
3027,156,42,110,140,122,43,55,122,105,158,0,32,3,1,147,1470,1
3028,157,42,110,141,122,42,57,122,105,158,0,32,3,1,147,1470,1
3029,157,42,110,141,122,42,57,122,107,158,0,32,3,1,147,1470,1
3030,158,42,110,143,122,40,59,122,107,158,0,32,3,1,147,1470,1
3031,158,42,110,143,122,40,59,122,108,158,0,32,3,1,147,1470,1
3032,158,42,110,143,122,40,59,122,108,158,0,32,3,1,147,1470,1
3033,158,42,110,143,122,40,59,122,110,158,0,32,3,1,147,1470,1
3034,158,42,110,145,123,38,61,122,110,158,0,32,3,1,147,1470,1
3035,158,42,110,145,123,38,61,122,111,158,0,32,3,1,147,1470,1
3036,158,42,110,146,125,38,63,122,111,158,0,32,3,1,147,1470,1
3037,158,42,110,146,125,38,63,122,113,158,0,32,3,1,147,1470,1
3038,158,42,110,147,126,36,65,122,113,158,0,32,3,1,147,1470,1
3039,158,42,110,147,126,36,65,122,114,158,0,32,3,1,147,1470,1
3040,158,42,110,148,128,34,66,122,114,158,0,32,3,1,147,1470,1
3041,158,42,110,148,128,34,66,122,116,158,0,32,3,1,148,1480,1
3042,158,42,110,150,129,32,68,122,116,158,0,32,3,1,148,1480,1
3043,158,42,110,150,129,32,68,122,117,158,0,32,3,1,148,1480,1
3044,158,42,110,150,131,31,70,120,117,158,0,32,3,1,148,1480,1
3045,158,42,110,150,131,31,70,120,118,158,0,32,3,1,148,1480,1
3046,158,42,110,150,132,29,72,118,118,158,0,32,3,1,148,1480,1
3047,158,42,110,150,132,29,72,118,119,158,0,32,3,1,148,1480,1
3048,158,42,110,150,134,28,73,116,119,158,0,32,3,1,148,1480,1
3049,158,42,110,150,134,28,73,116,120,158,0,32,3,1,148,1480,1
3050,158,42,110,150,134,26,75,114,120,158,0,32,3,1,148,1480,1
3051,158,42,110,150,134,26,75,114,121,158,0,32,3,1,148,1480,1
3052,158,41,110,150,134,26,77,112,121,158,0,32,3,1,148,1480,1
3053,158,41,110,150,134,26,77,112,123,158,0,32,3,1,148,1480,1
3054,158,40,110,150,135,26,79,111,123,158,0,32,3,1,148,1480,1
3055,158,40,110,150,135,26,79,111,124,158,0,32,3,1,149,1490,1
3056,158,38,110,150,137,26,80,109,124,158,0,32,3,1,149,1490,1
3057,158,38,110,150,137,26,80,109,123,158,0,32,3,3,149,1490,1
3058,158,37,110,150,138,26,82,107,123,158,0,32,3,3,149,1490,1
3059,158,37,110,150,138,26,82,107,122,158,0,32,3,3,149,1490,1
3060,158,36,110,150,140,26,84,105,122,158,0,32,3,3,149,1490,1
3061,158,36,110,150,140,26,84,105,121,158,0,32,3,3,149,1490,1
3062,158,35,110,150,141,26,86,103,121,158,0,32,3,3,149,1490,1
3063,158,35,110,150,141,26,86,103,120,158,0,32,3,3,149,1490,1
3064,158,35,110,150,141,26,86,103,120,158,0,32,3,3,149,1490,1
3065,158,35,110,150,141,26,86,103,118,158,0,32,3,3,149,1490,1
3066,158,34,110,150,142,26,88,101,118,158,0,32,3,3,149,1490,1
3067,158,34,110,150,142,26,88,101,117,158,0,32,3,3,149,1490,1
3068,158,33,110,150,144,26,90,99,117,158,0,32,3,3,149,1490,1
3069,158,33,110,150,144,26,90,99,115,158,0,32,3,3,149,1490,1
3070,158,32,110,150,145,26,92,98,115,158,0,32,3,3,149,1490,1
3071,158,32,110,150,145,26,92,98,114,158,0,32,3,3,149,1490,1
3072,158,30,110,151,146,26,93,98,114,158,0,32,3,3,149,1490,1
3073,158,30,110,151,146,26,93,98,112,158,0,32,3,3,149,1490,1
3074,158,29,110,153,147,26,95,98,112,158,0,32,3,3,149,1490,1
3075,158,29,110,153,147,26,95,98,111,158,0,32,3,3,149,1490,1
3076,158,28,110,154,149,26,97,98,111,158,0,32,3,3,149,1490,1
3077,158,28,110,154,149,26,97,98,109,158,0,32,3,3,149,1490,1
3078,158,27,111,156,150,26,98,98,109,158,0,32,3,3,149,1490,1
3079,158,27,111,156,150,26,98,98,108,158,0,32,3,3,149,1490,1
3080,158,26,112,157,152,26,98,98,108,158,0,32,3,3,149,1490,1
3081,158,26,112,157,152,26,98,98,106,158,0,32,3,3,149,1490,1
3082,158,26,113,159,153,26,98,98,106,158,0,32,3,3,149,1490,1
3083,158,26,113,159,153,26,98,98,105,158,0,32,3,3,149,1490,1
3084,158,25,115,160,155,26,98,98,105,158,0,32,3,3,149,1490,1
3085,158,25,115,160,155,26,98,98,103,158,0,32,3,3,149,1490,1
3086,158,24,116,161,156,26,98,98,103,158,0,32,3,3,149,1490,1
3087,158,24,116,161,156,26,98,98,102,158,0,32,3,3,149,1490,1
3088,158,22,117,162,158,26,98,98,102,158,0,32,3,3,149,1490,1
3089,158,22,117,162,158,26,98,98,102,156,0,32,3,0,149,1490,1
3090,157,21,118,164,158,26,98,98,102,156,0,32,3,0,149,1490,1
3091,157,21,118,164,158,26,98,98,102,154,0,32,3,0,149,1490,1
3092,156,20,120,165,158,26,98,98,102,154,0,32,3,0,149,1490,1
3093,156,20,120,165,158,26,98,98,102,152,0,32,3,0,149,1490,1
3094,155,19,121,167,158,26,98,98,102,152,0,32,3,0,149,1490,1
3095,155,19,121,167,158,26,98,98,102,150,0,32,3,0,149,1490,1
3096,155,19,121,167,158,26,98,98,102,150,0,32,3,0,149,1490,1
3097,155,19,121,167,158,26,98,98,102,148,0,32,3,0,149,1490,1
3098,154,18,122,169,158,26,98,98,102,148,0,32,3,0,149,1490,1
3099,154,18,122,169,158,26,98,98,102,146,0,32,3,0,150,1500,1
3100,153,18,124,170,158,25,98,98,102,146,0,32,3,0,150,1500,1
3101,153,18,124,170,158,25,98,98,102,145,0,32,3,0,150,1500,1
3102,152,18,125,171,158,23,98,98,102,145,0,32,3,0,150,1500,1
3103,152,18,125,171,158,23,98,98,102,143,0,32,3,0,150,1500,1
3104,151,18,126,171,158,21,98,98,102,143,0,32,3,0,150,1500,1
3105,151,18,126,171,158,21,98,98,102,142,0,32,3,0,150,1500,1
3106,150,18,127,12,158,19,98,98,102,142,0,32,3,0,150,1500,1
3107,150,18,127,12,158,19,98,98,102,140,0,32,3,0,150,1500,1
3108,149,18,129,13,158,18,98,98,102,140,0,32,3,0,150,1500,1
3109,149,18,129,13,158,18,98,98,102,138,0,32,3,0,150,1500,1
3110,148,18,130,14,158,16,98,98,102,138,0,32,3,0,150,1500,1
3111,148,18,130,14,158,16,98,98,102,136,0,32,3,0,150,1500,1
3112,147,18,131,14,158,15,98,98,102,136,0,32,3,0,150,1500,1
3113,147,18,131,14,158,15,98,98,102,134,0,32,3,0,150,1500,1
3114,146,18,132,15,158,13,98,98,102,134,0,32,3,0,150,1500,1
3115,146,18,132,15,158,13,98,98,102,132,0,32,3,0,150,1500,1
3116,145,18,134,16,158,12,98,98,102,132,0,32,3,0,150,1500,1
3117,145,18,134,16,158,12,98,98,102,130,0,32,3,0,150,1500,1
3118,144,18,134,16,158,10,100,98,102,130,0,32,3,0,150,1500,1
3119,144,18,134,16,158,10,100,98,102,128,0,32,3,0,150,1500,1
3120,143,18,134,17,158,8,101,98,102,128,0,32,3,0,150,1500,1
3121,143,18,134,17,158,8,101,98,102,126,0,32,3,0,150,1500,1
3122,142,18,134,18,158,6,103,98,102,126,0,32,3,0,150,1500,1
3123,142,18,134,18,158,6,103,98,102,124,0,32,3,0,150,1500,1
3124,142,18,134,19,158,5,105,98,102,124,0,32,3,0,150,1500,1
3125,142,18,134,19,158,5,105,98,102,122,0,32,3,0,150,1500,1
3126,141,18,134,21,158,3,107,98,102,122,0,32,3,0,150,1500,1
3127,141,18,134,21,158,3,107,98,101,122,0,32,3,3,150,1500,1
3128,141,18,134,21,158,3,107,98,101,122,0,32,3,3,150,1500,1
3129,141,18,134,21,158,3,107,98,99,122,0,32,3,3,150,1500,1
3130,140,19,134,23,158,2,109,98,99,122,0,32,3,3,150,1500,1
3131,140,19,134,23,158,2,109,98,98,122,0,32,3,3,150,1500,1
3132,139,20,134,24,158,2,111,98,98,122,0,32,3,3,150,1500,1
3133,139,20,134,24,158,2,111,98,96,122,0,32,3,3,150,1500,1
3134,138,21,134,25,158,2,113,98,96,122,0,32,3,3,150,1500,1
3135,138,21,134,25,158,2,113,98,95,122,0,32,3,3,151,1510,1
3136,137,23,134,26,158,2,114,98,95,122,0,32,3,3,151,1510,1
3137,137,23,134,26,158,2,114,98,94,122,0,32,3,3,151,1510,1
3138,136,24,134,26,158,2,116,100,94,122,0,32,3,3,151,1510,1
3139,136,24,134,26,158,2,116,100,93,122,0,32,3,3,151,1510,1
3140,135,25,134,26,158,2,118,102,93,122,0,32,3,3,151,1510,1
3141,135,25,134,26,158,2,118,102,92,122,0,32,3,3,151,1510,1
3142,134,26,134,26,158,2,120,104,92,122,0,32,3,3,151,1510,1
3143,134,26,134,26,158,2,120,104,91,122,0,32,3,3,151,1510,1
3144,134,27,134,26,158,2,121,106,91,122,0,32,3,3,151,1510,1
3145,134,27,134,26,158,2,121,106,89,122,0,32,3,3,151,1510,1
3146,134,28,135,26,158,2,122,108,89,122,0,32,3,3,151,1510,1
3147,134,28,135,26,158,2,122,108,88,122,0,32,3,3,151,1510,1
3148,133,29,137,26,158,2,122,110,88,122,0,32,3,3,151,1510,1
3149,133,29,137,26,158,2,122,110,86,122,0,32,3,3,151,1510,1
3150,132,30,138,26,158,2,122,111,86,122,0,32,3,3,151,1510,1
3151,132,30,138,26,158,2,122,111,85,122,0,32,3,3,151,1510,1
3152,131,32,139,26,158,2,122,113,85,122,0,32,3,3,151,1510,1
3153,131,32,139,26,158,2,122,113,83,122,0,32,3,3,152,1520,1
3154,130,33,140,26,158,2,122,115,83,122,0,32,3,3,152,1520,1
3155,130,33,140,26,158,2,122,115,82,122,0,32,3,3,152,1520,1
3156,129,34,142,26,158,2,122,117,82,122,0,32,3,3,152,1520,1
3157,129,34,142,26,158,2,122,117,81,122,0,32,3,3,152,1520,1
3158,128,34,143,26,158,2,122,119,81,122,0,32,3,3,152,1520,1
3159,128,34,143,26,158,2,122,119,80,122,0,32,3,3,152,1520,1
3160,128,34,143,26,158,2,122,119,80,122,0,32,3,3,152,1520,1
3161,128,34,143,26,158,2,122,119,79,122,0,32,3,3,152,1520,1
3162,127,35,144,26,158,2,122,121,79,122,0,32,3,3,152,1520,1
3163,127,35,144,26,158,2,122,121,78,122,0,32,3,3,152,1520,1
3164,126,36,146,27,158,2,122,122,78,122,0,32,3,3,152,1520,1
3165,126,36,146,27,158,2,122,122,76,122,0,32,3,3,152,1520,1
3166,125,37,147,28,158,2,122,122,76,122,0,32,3,3,152,1520,1
3167,125,37,147,28,158,2,122,122,75,122,0,32,3,3,153,1530,1
3168,124,39,148,29,158,2,122,122,75,122,0,32,3,3,153,1530,1
3169,124,39,148,29,158,2,122,122,74,122,0,32,3,3,153,1530,1
3170,123,40,149,31,158,2,122,122,74,122,0,32,3,3,153,1530,1
3171,123,40,149,31,158,2,122,122,74,120,0,32,3,0,153,1530,1
3172,122,41,151,32,158,2,122,122,74,120,0,32,3,0,153,1530,1
3173,122,41,151,32,158,2,122,122,74,119,0,32,3,0,153,1530,1
3174,121,42,152,34,158,2,122,122,74,119,0,32,3,0,153,1530,1
3175,121,42,152,34,158,2,122,122,74,117,0,32,3,0,153,1530,1
3176,120,42,153,35,158,2,122,122,74,117,0,32,3,0,153,1530,1
3177,120,42,153,35,158,2,122,122,74,115,0,32,3,0,153,1530,1
3178,119,42,154,37,158,4,122,122,74,115,0,32,3,0,153,1530,1
3179,119,42,154,37,158,4,122,122,74,113,0,32,3,0,153,1530,1
3180,118,42,156,38,158,5,122,122,74,113,0,32,3,0,153,1530,1
3181,118,42,156,38,158,5,122,122,74,111,0,32,3,0,153,1530,1
3182,117,42,157,39,158,7,122,122,74,111,0,32,3,0,153,1530,1
3183,117,42,157,39,158,7,122,122,74,109,0,32,3,0,154,1530,1
3184,117,42,157,39,158,7,122,122,74,109,0,32,3,0,154,1530,1
3185,117,42,157,39,158,7,122,122,74,109,0,32,3,0,154,1530,1
3186,117,42,157,39,158,7,122,122,74,109,0,32,3,0,154,1530,1
3187,117,42,157,39,158,7,122,122,74,109,0,32,3,0,154,1530,1
3188,117,42,157,39,158,7,122,122,74,109,0,32,3,0,154,1530,1
3189,117,42,157,39,158,7,122,122,74,109,0,32,3,0,154,1530,1
3190,117,42,157,39,158,7,122,122,74,109,0,32,3,0,154,1530,1
3191,117,42,157,39,158,7,122,122,74,109,0,32,3,0,154,1530,1
3192,117,42,157,39,158,7,122,122,74,109,0,32,3,0,154,1530,1
3193,117,42,157,39,158,7,122,122,74,109,0,32,3,0,154,1530,1
3194,117,42,157,39,158,7,122,122,74,109,0,32,3,0,154,1530,1
3195,117,42,157,39,158,7,122,122,74,109,0,32,3,0,154,1530,1
3196,117,42,157,39,158,7,122,122,74,109,0,32,3,0,154,1530,1
3197,117,42,157,39,158,7,122,122,74,109,0,32,3,0,154,1530,1
3198,117,42,157,39,158,7,122,122,74,109,0,32,3,0,154,1530,1
3199,117,42,157,39,158,7,122,122,74,109,0,32,3,0,154,1530,1
3200,117,42,157,39,158,7,122,122,74,109,0,32,3,0,154,1530,1
3201,117,42,157,39,158,7,122,122,74,109,0,32,3,0,154,1530,1
3202,117,42,157,39,158,7,122,122,74,109,0,32,3,0,154,1530,1
3203,117,42,157,39,158,7,122,122,74,109,0,32,3,0,154,1530,1
3204,117,42,157,39,158,7,122,122,74,109,0,32,3,0,154,1530,1
3205,117,42,157,39,158,7,122,122,74,109,0,32,3,0,154,1530,1
3206,117,42,157,39,158,7,122,122,74,109,0,32,3,0,154,1530,1
3207,117,42,157,39,158,7,122,122,74,109,0,32,3,0,154,1530,1
3208,117,42,157,39,158,7,122,122,74,109,0,32,3,0,154,1530,1
3209,117,42,157,39,158,7,122,122,74,109,0,32,3,0,154,1530,1
3210,117,42,157,39,158,7,122,122,74,109,0,32,3,0,154,1530,1
3211,117,42,157,39,158,7,122,122,74,109,0,32,3,0,154,1530,1
3212,117,42,157,39,158,7,122,122,74,109,0,32,3,0,154,1530,1
3213,117,42,157,39,158,7,122,122,74,109,0,32,3,0,154,1530,1
3214,117,42,157,39,158,7,122,122,74,109,0,32,3,0,154,1530,1
3215,117,42,157,39,158,7,122,122,74,109,0,32,3,0,154,1530,1
3216,117,42,157,39,158,7,122,122,74,109,0,32,3,0,154,1530,1
3217,117,42,157,39,158,7,122,122,74,109,0,32,3,0,154,1530,1
3218,117,42,157,39,158,7,122,122,74,109,0,32,3,0,154,1530,1
3219,117,42,157,39,158,7,122,122,74,109,0,32,3,0,154,1530,1
3220,117,42,157,39,158,7,122,122,74,109,0,32,3,0,154,1530,1
3221,117,42,157,39,158,7,122,122,74,109,0,32,3,0,154,1530,1
3222,117,42,157,39,158,7,122,122,74,109,0,32,3,0,154,1530,1
3223,117,42,157,39,158,7,122,122,74,109,0,32,3,0,154,1530,1
3224,117,42,157,39,158,7,122,122,74,109,0,32,3,0,154,1530,1
3225,117,42,157,39,158,7,122,122,74,109,0,32,3,0,154,1530,1
3226,117,42,157,39,158,7,122,122,74,109,0,32,3,0,154,1530,1
3227,117,42,157,39,158,7,122,122,74,109,0,32,3,0,154,1530,1
3228,117,42,157,39,158,7,122,122,74,109,0,32,3,0,154,1530,1
3229,117,42,157,39,158,7,122,122,74,109,0,32,3,0,154,1530,1
3230,117,42,157,39,158,7,122,122,74,109,0,32,3,0,154,1530,1
3231,117,42,157,39,158,7,122,122,74,109,0,32,3,0,154,1530,1
3232,117,42,157,39,158,7,122,122,74,109,0,32,3,0,154,1530,1
3233,117,42,157,39,158,7,122,122,74,109,0,32,3,0,154,1530,1
3234,117,42,157,39,158,7,122,122,74,109,0,32,3,0,154,1530,1
3235,117,42,157,39,158,7,122,122,74,109,0,32,3,0,154,1530,1
3236,117,42,157,39,158,7,122,122,74,109,0,32,3,0,154,1530,1
3237,117,42,157,39,158,7,122,122,74,109,0,32,3,0,154,1530,1
3238,117,42,157,39,158,7,122,122,74,109,0,32,3,0,154,1530,1
3239,117,42,157,39,158,7,122,122,74,109,0,32,3,0,154,1530,1
3240,117,42,157,39,158,7,122,122,74,109,0,32,3,0,154,1530,1
3241,117,42,157,39,158,7,122,122,74,109,0,32,3,0,154,1530,1
3242,117,42,157,39,158,7,122,122,74,109,0,32,3,0,154,1530,1
3243,117,42,157,39,158,7,122,122,74,109,0,32,3,0,154,1530,1
3244,117,42,157,39,158,7,122,122,74,109,0,32,3,0,154,1530,1
3245,117,42,157,39,158,7,122,122,74,109,0,32,3,0,154,1530,1
3246,117,42,157,39,158,7,122,122,74,109,0,32,3,0,154,1530,1
3247,117,42,157,39,158,7,122,122,74,109,0,32,3,0,154,1530,1
3248,117,42,157,39,158,7,122,122,74,109,0,32,3,0,154,1530,1
3249,117,42,157,39,158,7,122,122,74,109,0,32,3,0,154,1530,1
3250,117,42,157,39,158,7,122,122,74,109,0,32,3,0,154,1530,1
3251,117,42,157,39,158,7,122,122,74,109,0,32,3,0,154,1530,1
3252,117,42,157,39,158,7,122,122,74,109,0,32,3,0,154,1530,1
3253,117,42,157,39,158,7,122,122,74,109,0,32,3,0,154,1530,1
3254,117,42,157,39,158,7,122,122,74,109,0,32,3,0,154,1530,1
3255,117,42,157,39,158,7,122,122,74,109,0,32,3,0,154,1530,1
3256,117,42,157,39,158,7,122,122,74,109,0,32,3,0,154,1530,1
3257,117,42,157,39,158,7,122,122,74,109,0,32,3,0,154,1530,1
3258,117,42,157,39,158,7,122,122,74,109,0,32,3,0,154,1530,1
3259,117,42,157,39,158,7,122,122,74,109,0,32,3,0,154,1530,1
3260,117,42,157,39,158,7,122,122,74,109,0,32,3,0,154,1530,1
3261,117,42,157,39,158,7,122,122,74,109,0,32,3,0,154,1530,1
3262,117,42,157,39,158,7,122,122,74,109,0,32,3,0,154,1530,1
3263,117,42,157,39,158,7,122,122,74,109,0,32,3,0,154,1530,1
3264,117,42,157,39,158,7,122,122,74,109,0,32,3,0,154,1530,1
3265,117,42,157,39,158,7,122,122,74,109,0,32,3,0,154,1530,1
3266,117,42,157,39,158,7,122,122,74,109,0,32,3,0,154,1530,1
3267,117,42,157,39,158,7,122,122,74,109,0,32,3,0,154,1530,1
3268,117,42,157,39,158,7,122,122,74,109,0,32,3,0,154,1530,1
3269,117,42,157,39,158,7,122,122,74,109,0,32,3,0,154,1530,1
3270,117,42,157,39,158,7,122,122,74,109,0,32,3,0,154,1530,1
3271,117,42,157,39,158,7,122,122,74,109,0,32,3,0,154,1530,1
3272,117,42,157,39,158,7,122,122,74,109,0,32,3,0,154,1530,1
3273,117,42,157,39,158,7,122,122,74,109,0,32,3,0,154,1530,1
3274,117,42,157,39,158,7,122,122,74,109,0,32,3,0,154,1530,1
3275,117,42,157,39,158,7,122,122,74,109,0,32,3,0,154,1530,1
3276,117,42,157,39,158,7,122,122,74,109,0,32,3,0,154,1530,1
3277,117,42,157,39,158,7,122,122,74,109,0,32,3,0,154,1530,1
3278,117,42,157,39,158,7,122,122,74,109,0,32,3,0,154,1530,1
3279,117,42,157,39,158,7,122,122,74,109,0,32,3,0,154,1530,1
3280,117,42,157,39,158,7,122,122,74,109,0,32,3,0,154,1530,1
3281,117,42,157,39,158,7,122,122,74,109,0,32,3,0,154,1530,1
3282,117,42,157,39,158,7,122,122,74,109,0,32,3,0,154,1530,1
3283,117,42,157,39,158,7,122,122,74,109,0,32,3,0,154,1530,1
3284,117,42,157,39,158,7,122,122,74,109,0,32,3,0,154,1530,1
3285,117,42,157,39,158,7,122,122,74,109,0,32,3,0,154,1530,1
3286,117,42,157,39,158,7,122,122,74,109,0,32,3,0,154,1530,1
3287,117,42,157,39,158,7,122,122,74,109,0,32,3,0,154,1530,1
3288,117,42,157,39,158,7,122,122,74,109,0,32,3,0,154,1530,1
3289,117,42,157,39,158,7,122,122,74,109,0,32,3,0,154,1530,1
3290,117,42,157,39,158,7,122,122,74,109,0,32,3,0,154,1530,1
3291,117,42,157,39,158,7,122,122,74,109,0,32,3,0,154,1530,1
3292,117,42,157,39,158,7,122,122,74,109,0,32,3,0,154,1530,1
3293,117,42,157,39,158,7,122,122,74,109,0,32,3,0,154,1530,1
3294,117,42,157,39,158,7,122,122,74,109,0,32,3,0,154,1530,1
3295,117,42,157,39,158,7,122,122,74,109,0,32,3,0,154,1530,1
3296,117,42,157,39,158,7,122,122,74,109,0,32,3,0,154,1530,1
3297,117,42,157,39,158,7,122,122,74,109,0,32,3,0,154,1530,1
3298,117,42,157,39,158,7,122,122,74,109,0,32,3,0,154,1530,1
3299,117,42,157,39,158,7,122,122,74,109,0,32,3,0,154,1530,1
3300,117,42,157,39,158,7,122,122,74,109,0,32,3,0,154,1530,1
3301,117,42,157,39,158,7,122,122,74,109,0,32,3,0,154,1530,1
3302,117,42,157,39,158,7,122,122,74,109,0,32,3,0,154,1530,1
3303,117,42,157,39,158,7,122,122,74,109,0,32,3,0,154,1530,1
3304,117,42,157,39,158,7,122,122,74,109,0,32,3,0,154,1530,1
3305,117,42,157,39,158,7,122,122,74,109,0,32,3,0,154,1530,1
3306,117,42,157,39,158,7,122,122,74,109,0,32,3,0,154,1530,1
3307,117,42,157,39,158,7,122,122,74,109,0,32,3,0,154,1530,1
3308,117,42,157,39,158,7,122,122,74,109,0,32,3,0,154,1530,1
3309,117,42,157,39,158,7,122,122,74,109,0,32,3,0,154,1530,1
3310,117,42,157,39,158,7,122,122,74,109,0,32,3,0,154,1530,1
3311,117,42,157,39,158,7,122,122,74,109,0,32,3,0,154,1530,1
3312,117,42,157,39,158,7,122,122,74,109,0,32,3,0,154,1530,1
3313,88,88,88,88,80,80,80,50,88,98,0,32,3,3,0,1530,17
3314,88,88,88,88,80,80,80,50,88,98,0,32,3,3,0,1530,17
3315,88,88,88,88,80,80,80,50,88,98,0,32,3,3,0,1530,17
3316,88,88,88,88,80,80,80,50,88,98,0,32,3,3,0,1530,17
3317,88,88,88,88,80,80,80,50,88,98,0,32,3,3,0,1530,17
3318,88,88,88,88,80,80,80,50,88,98,0,32,3,3,0,1530,17
3319,88,88,88,88,80,80,80,50,88,98,0,32,3,3,0,1530,17
3320,88,88,88,88,80,80,80,50,88,98,0,32,3,3,0,1530,17
3321,88,88,88,88,80,80,80,50,88,98,0,32,3,3,0,1530,17
3322,88,88,88,88,80,80,80,50,88,98,0,32,3,3,0,1530,17
3323,88,88,88,88,80,80,80,50,88,98,0,32,3,3,0,1530,17
3324,88,88,88,88,80,80,80,50,88,98,0,32,3,3,0,1530,17
3325,88,88,88,88,80,80,80,50,88,98,0,32,3,3,0,1530,17
3326,88,88,88,88,80,80,80,50,88,98,0,32,3,3,0,1530,17
3327,88,88,88,88,80,80,80,50,88,98,0,32,3,3,0,1530,17
3328,88,88,88,88,80,80,80,50,88,98,0,32,3,3,0,1530,17
3329,88,88,88,88,80,80,80,50,88,98,0,32,3,3,0,1530,17
3330,88,88,88,88,80,80,80,50,88,98,0,32,3,3,0,1530,17
3331,88,88,88,88,80,80,80,50,88,98,0,32,3,3,0,1530,17
3332,88,88,88,88,80,80,80,50,88,98,0,32,3,3,0,1530,17
3333,88,88,88,88,80,80,80,50,88,98,0,32,3,3,0,1530,17
3334,88,88,88,88,80,80,80,50,88,98,0,32,3,3,0,1530,17
3335,88,88,88,88,80,80,80,50,88,98,0,32,3,3,0,1530,17
3336,88,88,88,88,80,80,80,50,88,98,0,32,3,3,0,1530,17
3337,88,88,88,88,80,80,80,50,88,98,0,32,3,3,0,1530,17
3338,88,88,88,88,80,80,80,50,88,98,0,32,3,3,0,1530,17
3339,88,88,88,88,80,80,80,50,88,98,0,32,3,3,0,1530,17
3340,88,88,88,88,80,80,80,50,88,98,0,32,3,3,0,1530,17
3341,88,88,88,88,80,80,80,50,88,98,0,32,3,3,0,1530,17
3342,88,88,88,88,80,80,80,50,88,98,0,32,3,3,0,1530,17
3343,88,88,88,88,80,80,80,50,88,98,0,32,3,3,0,1530,17
3344,88,88,88,88,80,80,80,50,88,98,0,32,3,3,0,1530,17
3345,88,88,88,88,80,80,80,50,88,98,0,32,3,3,0,1530,17
3346,88,88,88,88,80,80,80,50,88,98,0,32,3,3,0,1530,17
3347,88,88,88,88,80,80,80,50,88,98,0,32,3,3,0,1530,17
3348,88,88,88,88,80,80,80,50,88,98,0,32,3,3,0,1530,17
3349,88,88,88,88,80,80,80,50,88,98,0,32,3,3,0,1530,17
3350,88,88,88,88,80,80,80,50,88,98,0,32,3,3,0,1530,17
3351,88,88,88,88,80,80,80,50,88,98,0,32,3,3,0,1530,17
3352,88,88,88,88,80,80,80,50,88,98,0,32,3,3,0,1530,17
3353,88,88,88,88,80,80,80,50,88,98,0,32,3,3,0,1530,17
3354,88,88,88,88,80,80,80,50,88,98,0,32,3,3,0,1530,17
3355,88,88,88,88,80,80,80,50,88,98,0,32,3,3,0,1530,17
3356,88,88,88,88,80,80,80,50,88,98,0,32,3,3,0,1530,17
3357,88,88,88,88,80,80,80,50,88,98,0,32,3,3,0,1530,17
3358,88,88,88,88,80,80,80,50,88,98,0,32,3,3,0,1530,17
3359,88,88,88,88,80,80,80,50,88,98,0,32,3,3,0,1530,17
3360,88,88,88,88,80,80,80,50,88,98,0,32,3,3,0,1530,17
3361,88,88,88,88,80,80,80,50,88,98,0,32,3,3,0,1530,17
3362,88,88,88,88,80,80,80,50,88,98,0,32,3,3,0,1530,17
3363,88,88,88,88,80,80,80,50,88,98,0,32,3,3,0,1530,17
3364,88,88,88,88,80,80,80,50,88,98,0,32,3,3,0,1530,17
3365,88,88,88,88,80,80,80,50,88,98,0,32,3,3,0,1530,17
3366,88,88,88,88,80,80,80,50,88,98,0,32,3,3,0,1530,17
3367,88,88,88,88,80,80,80,50,88,98,0,32,3,3,0,1530,17
3368,88,88,88,88,80,80,80,50,88,98,0,32,3,3,0,1530,17
3369,88,88,88,88,80,80,80,50,88,98,0,32,3,3,0,1530,17
3370,88,88,88,88,80,80,80,50,88,98,0,32,3,3,0,1530,17
3371,88,88,88,88,80,80,80,50,88,98,0,32,3,3,0,1530,17
3372,88,88,88,88,80,80,80,50,88,98,0,32,3,3,0,1530,17
3373,88,88,88,88,80,80,80,50,88,98,0,32,3,3,0,1530,17
3374,88,88,88,88,80,80,80,50,88,98,0,32,3,3,0,1530,17
3375,88,88,88,88,80,80,80,50,88,98,0,32,3,3,0,1530,17
3376,88,88,88,88,80,80,80,50,88,98,0,32,3,3,0,1530,17
3377,88,88,88,88,80,80,80,50,88,98,0,32,3,3,0,1530,17
3378,88,88,88,88,80,80,80,50,88,98,0,32,3,3,0,1530,17
3379,88,88,88,88,80,80,80,50,88,98,0,32,3,3,0,1530,17
3380,88,88,88,88,80,80,80,50,88,98,0,32,3,3,0,1530,17
3381,88,88,88,88,80,80,80,50,88,98,0,32,3,3,0,1530,17
3382,88,88,88,88,80,80,80,50,88,98,0,32,3,3,0,1530,17
3383,88,88,88,88,80,80,80,50,88,98,0,32,3,3,0,1530,17
3384,88,88,88,88,80,80,80,50,88,98,0,32,3,3,0,1530,17
3385,88,88,88,88,80,80,80,50,88,98,0,32,3,3,0,1530,17
3386,88,88,88,88,80,80,80,50,88,98,0,32,3,3,0,1530,17
3387,88,88,88,88,80,80,80,50,88,98,0,32,3,3,0,1530,17
3388,88,88,88,88,80,80,80,50,88,98,0,32,3,3,0,1530,17
3389,88,88,88,88,80,80,80,50,88,98,0,32,3,3,0,1530,17
3390,88,88,88,88,80,80,80,50,88,98,0,32,3,3,0,1530,17
3391,88,88,88,88,80,80,80,50,88,98,0,32,3,3,0,1530,17
3392,88,88,88,88,80,80,80,50,88,98,0,32,3,3,0,1530,17
3393,88,88,88,88,80,80,80,50,88,98,0,32,3,3,0,1530,17
3394,88,88,88,88,80,80,80,50,88,98,0,32,3,3,0,1530,17
3395,88,88,88,88,80,80,80,50,88,98,0,32,3,3,0,1530,17
3396,88,88,88,88,80,80,80,50,88,98,0,32,3,3,0,1530,17
3397,88,88,88,88,80,80,80,50,88,98,0,32,3,3,0,1530,17
3398,88,88,88,88,80,80,80,50,88,98,0,32,3,3,0,1530,17
3399,88,88,88,88,80,80,80,50,88,98,0,32,3,3,0,1530,17
3400,88,88,88,88,80,80,80,50,88,98,0,32,3,3,0,1530,17
3401,88,88,88,88,80,80,80,50,88,98,0,32,3,3,0,1530,17
3402,88,88,88,88,80,80,80,50,88,98,0,32,3,3,0,1530,17
3403,88,88,88,88,80,80,80,50,88,98,0,32,3,3,0,1530,17
3404,88,88,88,88,80,80,80,50,88,98,0,32,3,3,0,1530,17
3405,88,88,88,88,80,80,80,50,88,98,0,32,3,3,0,1530,17
3406,88,88,88,88,80,80,80,50,88,98,0,32,3,3,0,1530,17
3407,88,88,88,88,80,80,80,50,88,98,0,32,3,3,0,1530,17
3408,88,88,88,88,80,80,80,50,88,98,0,32,3,3,0,1530,17
3409,88,88,88,88,80,80,80,50,88,98,0,32,3,3,0,1530,17
3410,88,88,88,88,80,80,80,50,88,98,0,32,3,3,0,1530,17
3411,88,88,88,88,80,80,80,50,88,98,0,32,3,3,0,1530,17
3412,88,88,88,88,80,80,80,50,88,98,0,32,3,3,0,1530,17
3413,88,88,88,88,80,80,80,50,88,98,0,32,3,3,0,1530,17
3414,88,88,88,88,80,80,80,50,88,98,0,32,3,3,0,1530,17
3415,88,88,88,88,80,80,80,50,88,98,0,32,3,3,0,1530,17
3416,88,88,88,88,80,80,80,50,88,98,0,32,3,3,0,1530,17
3417,88,88,88,88,80,80,80,50,88,98,0,32,3,3,0,1530,17
3418,88,88,88,88,80,80,80,50,88,98,0,32,3,3,0,1530,17
3419,88,88,88,88,80,80,80,50,88,98,0,32,3,3,0,1530,17
3420,88,88,88,88,80,80,80,50,88,98,0,32,3,3,0,1530,17
3421,88,88,88,88,80,80,80,50,88,98,0,32,3,3,0,1530,17
3422,88,88,88,88,80,80,80,50,88,98,0,32,3,3,0,1530,17
3423,88,88,88,88,80,80,80,50,88,98,0,32,3,3,0,1530,17
3424,88,88,88,88,80,80,80,50,88,98,0,32,3,3,0,1530,17
3425,88,88,88,88,80,80,80,50,88,98,0,32,3,3,0,1530,17
3426,88,88,88,88,80,80,80,50,88,98,0,32,3,3,0,1530,17
3427,88,88,88,88,80,80,80,50,88,98,0,32,3,3,0,1530,17
3428,88,88,88,88,80,80,80,50,88,98,0,32,3,3,0,1530,17
3429,88,88,88,88,80,80,80,50,88,98,0,32,3,3,0,1530,17
3430,88,88,88,88,80,80,80,50,88,98,0,32,3,3,0,1530,17
3431,88,88,88,88,80,80,80,50,88,98,0,32,3,3,0,1530,17
3432,88,88,88,88,80,80,80,50,88,98,0,32,3,3,0,1530,17
3433,88,88,88,88,80,80,80,50,86,98,0,32,3,3,0,1530,17
3434,89,90,89,86,80,80,80,50,86,98,0,32,3,3,0,1530,17
3435,89,90,89,86,80,80,80,50,85,98,0,32,3,3,0,1530,17
3436,91,91,91,85,80,80,80,50,85,98,0,32,3,3,0,1530,17
3437,91,91,91,85,80,80,80,50,83,98,0,32,3,3,1,1540,17
3438,92,93,92,84,80,80,80,50,83,98,0,32,3,3,1,1540,17
3439,92,93,92,84,80,80,80,50,82,98,0,32,3,3,1,1540,17
3440,94,94,93,83,80,79,80,50,82,98,0,32,3,3,1,1540,17
3441,94,94,93,83,80,79,80,50,81,98,0,32,3,3,1,1540,17
3442,94,94,94,81,79,77,80,50,81,98,0,32,3,3,1,1540,17
3443,94,94,94,81,79,77,80,50,80,98,0,32,3,3,1,1540,17
3444,94,94,94,80,77,76,78,50,80,98,0,32,3,3,1,1540,17
3445,94,94,94,80,77,76,78,50,79,98,0,32,3,3,1,1540,17
3446,94,94,94,78,76,74,77,50,79,98,0,32,3,3,1,1540,17
3447,94,94,94,78,76,74,77,50,78,98,0,32,3,3,1,1540,17
3448,94,94,94,77,74,73,76,50,78,98,0,32,3,3,1,1540,17
3449,94,94,94,77,74,73,76,50,76,98,0,32,3,3,1,1540,17
3450,94,94,94,75,73,71,75,50,76,98,0,32,3,3,1,1540,17
3451,94,94,94,75,73,71,75,50,75,98,0,32,3,3,2,1550,17
3452,94,94,94,74,71,70,73,50,75,98,0,32,3,3,2,1550,17
3453,94,94,94,74,71,70,73,50,74,98,0,32,3,3,2,1550,17
3454,94,94,94,73,70,68,72,50,74,98,0,32,3,3,2,1550,17
3455,94,94,94,73,70,68,72,50,73,98,0,32,3,3,2,1550,17
3456,94,94,94,72,68,66,71,50,73,98,0,32,3,3,2,1550,17
3457,94,94,94,72,68,66,71,50,72,98,0,32,3,3,2,1550,17
3458,94,92,94,70,67,66,70,50,72,98,0,32,3,3,2,1550,17
3459,94,92,94,70,67,66,70,50,71,98,0,32,3,3,2,1550,17
3460,93,91,94,69,66,66,68,50,71,98,0,32,3,3,2,1550,17
3461,93,91,94,69,66,66,68,50,69,98,0,32,3,3,2,1550,17
3462,92,89,94,67,66,66,67,50,69,98,0,32,3,3,2,1550,17
3463,92,89,94,67,66,66,67,50,68,98,0,32,3,3,2,1550,17
3464,90,88,94,66,66,66,66,50,68,98,0,32,3,3,2,1550,17
3465,90,88,94,66,66,66,66,50,66,98,0,32,3,3,3,1560,17
3466,89,87,93,66,66,66,66,52,66,98,0,32,3,3,3,1560,17
3467,89,87,93,66,66,66,66,52,66,96,0,32,3,0,3,1560,17
3468,88,86,91,66,65,66,66,54,66,96,0,32,3,0,3,1560,17
3469,88,86,91,66,65,66,66,54,66,95,0,32,3,0,3,1560,17
3470,88,85,90,66,64,66,66,55,66,95,0,32,3,0,3,1560,17
3471,88,85,90,66,64,66,66,55,66,93,0,32,3,0,3,1560,17
3472,88,83,89,66,62,66,66,57,66,93,0,32,3,0,3,1560,17
3473,88,83,89,66,62,66,66,57,66,92,0,32,3,0,3,1560,17
3474,88,82,88,66,61,66,66,59,66,92,0,32,3,0,3,1560,17
3475,88,82,88,66,61,66,66,59,66,90,0,32,3,0,3,1560,17
3476,88,82,86,66,59,67,66,61,66,90,0,32,3,0,3,1560,17
3477,88,82,86,66,59,67,66,61,66,88,0,32,3,0,3,1560,17
3478,88,82,84,66,58,68,66,63,66,88,0,32,3,0,3,1560,17
3479,88,82,84,66,58,68,66,63,66,86,0,32,3,0,4,1570,17
3480,88,82,83,66,56,69,66,65,66,86,0,32,3,0,4,1570,17
3481,88,82,83,66,56,69,66,65,66,85,0,32,3,0,4,1570,17
3482,88,82,82,66,55,70,67,67,66,85,0,32,3,0,4,1570,17
3483,88,82,82,66,55,70,67,67,66,83,0,32,3,0,4,1570,17
3484,88,82,82,66,53,71,69,69,66,83,0,32,3,0,4,1570,17
3485,88,82,82,66,53,71,69,69,66,82,0,32,3,0,4,1570,17
3486,88,82,82,66,52,72,71,70,66,82,0,32,3,0,4,1570,17
3487,88,82,82,66,52,72,71,70,66,80,0,32,3,0,4,1570,17
3488,88,82,82,66,50,74,72,72,66,80,0,32,3,0,4,1570,17
3489,88,82,82,66,50,74,72,72,66,78,0,32,3,0,4,1570,17
3490,87,82,82,66,50,75,74,74,66,78,0,32,3,0,4,1570,17
3491,87,82,82,66,50,75,74,74,66,76,0,32,3,0,4,1570,17
3492,87,82,82,66,50,75,74,74,66,76,0,32,3,0,4,1570,17
3493,87,82,82,66,50,75,74,74,66,76,0,32,3,0,4,1570,17
3494,87,82,82,66,50,75,74,74,66,76,0,32,3,0,4,1570,17
3495,87,82,82,66,50,75,74,74,66,76,0,32,3,0,4,1570,17
3496,87,82,82,66,50,75,74,74,66,76,0,32,3,0,4,1570,17
3497,87,82,82,66,50,75,74,74,66,76,0,32,3,0,4,1570,17
3498,87,82,82,66,50,75,74,74,66,76,0,32,3,0,4,1570,17
3499,87,82,82,66,50,75,74,74,66,76,0,32,3,0,4,1570,17
3500,87,82,82,66,50,75,74,74,66,76,0,32,3,0,4,1570,17
3501,87,82,82,66,50,75,74,74,66,76,0,32,3,0,4,1570,17
3502,87,82,82,66,50,75,74,74,66,76,0,32,3,0,4,1570,17
3503,87,82,82,66,50,75,74,74,66,76,0,32,3,0,4,1570,17
3504,87,82,82,66,50,75,74,74,66,76,0,32,3,0,4,1570,17
3505,87,82,82,66,50,75,74,74,66,76,0,32,3,0,4,1570,17
3506,87,82,82,66,50,75,74,74,66,76,0,32,3,0,4,1570,17
3507,87,82,82,66,50,75,74,74,66,76,0,32,3,0,4,1570,17
3508,87,82,82,66,50,75,74,74,66,76,0,32,3,0,4,1570,17
3509,87,82,82,66,50,75,74,74,66,76,0,32,3,0,4,1570,17
3510,87,82,82,66,50,75,74,74,66,76,0,32,3,0,4,1570,17
3511,87,82,82,66,50,75,74,74,66,76,0,32,3,0,4,1570,17
3512,87,82,82,66,50,75,74,74,66,76,0,32,3,0,4,1570,17
3513,87,82,82,66,50,75,74,74,66,76,0,32,3,0,4,1570,17
3514,87,82,82,66,50,75,74,74,66,76,0,32,3,0,4,1570,17
3515,87,82,82,66,50,75,74,74,66,76,0,32,3,0,4,1570,17
3516,87,82,82,66,50,75,74,74,66,76,0,32,3,0,4,1570,17
3517,87,82,82,66,50,75,74,74,66,76,0,32,3,0,4,1570,17
3518,87,82,82,66,50,75,74,74,66,76,0,32,3,0,4,1570,17
3519,87,82,82,66,50,75,74,74,66,76,0,32,3,0,4,1570,17
3520,87,82,82,66,50,75,74,74,66,76,0,32,3,0,4,1570,17
3521,87,82,82,66,50,75,74,74,66,76,0,32,3,0,4,1570,17
3522,87,82,82,66,50,75,74,74,66,76,0,32,3,0,4,1570,17
3523,87,82,82,66,50,75,74,74,66,76,0,32,3,0,4,1570,17
3524,87,82,82,66,50,75,74,74,66,76,0,32,3,0,4,1570,17
3525,87,82,82,66,50,75,74,74,66,76,0,32,3,0,4,1570,17
3526,87,82,82,66,50,75,74,74,66,76,0,32,3,0,4,1570,17
3527,87,82,82,66,50,75,74,74,66,76,0,32,3,0,4,1570,17
3528,87,82,82,66,50,75,74,74,66,76,0,32,3,0,4,1570,17
3529,87,82,82,66,50,75,74,74,66,76,0,32,3,2,4,1570,17
3530,87,82,82,66,50,75,74,74,66,76,0,32,3,2,4,1570,17
3531,87,82,82,66,50,75,74,74,66,76,0,32,3,2,4,1570,17
3532,87,82,82,66,50,75,74,74,66,76,0,32,3,2,4,1570,17
3533,87,82,82,66,50,75,74,74,66,76,0,32,3,2,4,1570,17
3534,87,82,82,66,50,75,74,74,66,76,0,32,3,2,4,1570,17
3535,87,82,82,66,50,75,74,74,66,76,0,32,3,2,4,1570,17
3536,87,82,82,66,50,75,74,74,66,76,0,32,3,2,4,1570,17
3537,87,82,82,66,50,75,74,74,66,76,0,32,3,3,4,1570,17
3538,87,82,82,66,50,75,74,74,66,76,0,32,3,3,4,1570,17
3539,87,82,82,66,50,75,74,74,66,76,0,32,3,3,4,1570,17
3540,87,82,82,66,50,75,74,74,66,76,0,32,3,3,4,1570,17
3541,87,82,82,66,50,75,74,74,66,76,0,32,3,3,4,1570,17
3542,87,82,82,66,50,75,74,74,66,76,0,32,3,3,4,1570,17
3543,87,82,82,66,50,75,74,74,66,76,0,32,3,3,4,1570,17
3544,87,82,82,66,50,75,74,74,66,76,0,32,3,3,4,1570,17
3545,87,82,82,66,50,75,74,74,66,76,0,32,3,0,4,1570,17
3546,87,82,82,66,50,75,74,74,66,76,0,32,3,0,4,1570,17
3547,87,82,82,66,50,75,74,74,66,76,0,32,3,0,4,1570,17
3548,87,82,82,66,50,75,74,74,66,76,0,32,3,0,4,1570,17
3549,87,82,82,66,50,75,74,74,66,76,0,32,3,0,4,1570,17
3550,87,82,82,66,50,75,74,74,66,76,0,32,3,0,4,1570,17
3551,87,82,82,66,50,75,74,74,66,76,0,32,3,0,4,1570,17
3552,87,82,82,66,50,75,74,74,66,76,0,32,3,0,4,1570,17
3553,87,82,82,66,50,75,74,74,66,76,0,32,3,1,4,1570,17
3554,87,82,82,66,50,75,74,74,66,76,0,32,3,1,4,1570,17
3555,87,82,82,66,50,75,74,74,66,76,0,32,3,1,4,1570,17
3556,87,82,82,66,50,75,74,74,66,76,0,32,3,1,4,1570,17
3557,87,82,82,66,50,75,74,74,66,76,0,32,3,1,4,1570,17
3558,87,82,82,66,50,75,74,74,66,76,0,32,3,1,4,1570,17
3559,87,82,82,66,50,75,74,74,66,76,0,32,3,1,4,1570,17
3560,87,82,82,66,50,75,74,74,66,76,0,32,3,1,4,1570,17
3561,87,82,82,66,50,75,74,74,66,76,0,32,3,2,4,1570,17
3562,87,82,82,66,50,75,74,74,66,76,0,32,3,2,4,1570,17
3563,87,82,82,66,50,75,74,74,66,76,0,32,3,2,4,1570,17
3564,87,82,82,66,50,75,74,74,66,76,0,32,3,2,4,1570,17
3565,87,82,82,66,50,75,74,74,66,76,0,32,3,2,4,1570,17
3566,87,82,82,66,50,75,74,74,66,76,0,32,3,2,4,1570,17
3567,87,82,82,66,50,75,74,74,66,76,0,32,3,2,4,1570,17
3568,87,82,82,66,50,75,74,74,66,76,0,32,3,2,4,1570,17
3569,87,82,82,66,50,75,74,74,66,76,0,32,3,3,4,1570,17
3570,88,88,88,88,80,80,80,50,88,98,0,32,3,3,4,1570,16
3571,88,88,88,88,80,80,80,50,88,98,0,32,3,3,4,1570,16
3572,88,88,88,88,80,80,80,50,88,98,0,32,3,3,4,1570,16
3573,88,88,88,88,80,80,80,50,88,98,0,32,3,3,4,1570,16
3574,88,88,88,88,80,80,80,50,88,98,0,32,3,3,4,1570,16
3575,88,88,88,88,80,80,80,50,88,98,0,32,3,3,4,1570,16
3576,88,88,88,88,80,80,80,50,88,98,0,32,3,3,4,1570,16
3577,88,88,88,88,80,80,80,50,88,98,0,32,3,3,4,1570,16
3578,88,88,88,88,80,80,80,50,88,98,0,32,3,3,4,1570,16
3579,88,88,88,88,80,80,80,50,88,98,0,32,3,3,4,1570,16
3580,88,88,88,88,80,80,80,50,88,98,0,32,3,3,4,1570,16
3581,88,88,88,88,80,80,80,50,88,98,0,32,3,3,4,1570,16
3582,88,88,88,88,80,80,80,50,88,98,0,32,3,3,4,1570,16
3583,88,88,88,88,80,80,80,50,88,98,0,32,3,3,4,1570,16
3584,88,88,88,88,80,80,80,50,88,98,0,32,3,3,4,1570,16
3585,88,88,88,88,80,80,80,50,88,98,0,32,3,3,4,1570,16
3586,88,88,88,88,80,80,80,50,88,98,0,32,3,3,4,1570,16
3587,88,88,88,88,80,80,80,50,88,98,0,32,3,3,4,1570,16
3588,88,88,88,88,80,80,80,50,88,98,0,32,3,3,4,1570,16
3589,88,88,88,88,80,80,80,50,88,98,0,32,3,3,4,1570,16
3590,88,88,88,88,80,80,80,50,88,98,0,32,3,3,4,1570,16
3591,88,88,88,88,80,80,80,50,88,98,0,32,3,3,4,1570,16
3592,88,88,88,88,80,80,80,50,88,98,0,32,3,3,4,1570,16
3593,88,88,88,88,80,80,80,50,88,98,0,32,3,3,4,1570,16
3594,88,88,88,88,80,80,80,50,88,98,0,32,3,3,4,1570,16
3595,88,88,88,88,80,80,80,50,88,98,0,32,3,3,4,1570,16
3596,88,88,88,88,80,80,80,50,88,98,0,32,3,3,4,1570,16
3597,88,88,88,88,80,80,80,50,88,98,0,32,3,3,4,1570,16
3598,88,88,88,88,80,80,80,50,88,98,0,32,3,3,4,1570,16
3599,88,88,88,88,80,80,80,50,88,98,0,32,3,3,4,1570,16
3600,88,88,88,88,80,80,80,50,88,98,0,32,3,3,4,1570,16
3601,88,88,88,88,80,80,80,50,88,98,0,32,3,3,4,1570,16
3602,88,88,88,88,80,80,80,50,88,98,0,32,3,3,4,1570,16
3603,88,88,88,88,80,80,80,50,88,98,0,32,3,3,4,1570,16
3604,88,88,88,88,80,80,80,50,88,98,0,32,3,3,4,1570,16
3605,88,88,88,88,80,80,80,50,88,98,0,32,3,3,4,1570,16
3606,88,88,88,88,80,80,80,50,88,98,0,32,3,3,4,1570,16
3607,88,88,88,88,80,80,80,50,88,98,0,32,3,3,4,1570,16
3608,88,88,88,88,80,80,80,50,88,98,0,32,3,3,4,1570,16
3609,88,88,88,88,80,80,80,50,88,98,0,32,3,3,4,1570,16
3610,88,88,88,88,80,80,80,50,88,98,0,32,3,3,4,1570,16
3611,88,88,88,88,80,80,80,50,88,98,0,32,3,3,4,1570,16
3612,88,88,88,88,80,80,80,50,88,98,0,32,3,3,4,1570,16
3613,88,88,88,88,80,80,80,50,88,98,0,32,3,3,4,1570,16
3614,88,88,88,88,80,80,80,50,88,98,0,32,3,3,4,1570,16
3615,88,88,88,88,80,80,80,50,88,98,0,32,3,3,4,1570,16
3616,88,88,88,88,80,80,80,50,88,98,0,32,3,3,4,1570,16
3617,88,88,88,88,80,80,80,50,88,98,0,32,3,3,4,1570,16
3618,88,88,88,88,80,80,80,50,88,98,0,32,3,3,4,1570,16
3619,88,88,88,88,80,80,80,50,88,98,0,32,3,3,4,1570,16
3620,88,88,88,88,80,80,80,50,88,98,0,32,3,3,4,1570,16
3621,88,88,88,88,80,80,80,50,88,98,0,32,3,3,4,1570,16
3622,88,88,88,88,80,80,80,50,88,98,0,32,3,3,4,1570,16
3623,88,88,88,88,80,80,80,50,88,98,0,32,3,3,4,1570,16
3624,88,88,88,88,80,80,80,50,88,98,0,32,3,3,4,1570,16
3625,88,88,88,88,80,80,80,50,88,98,0,32,3,3,4,1570,16
3626,88,88,88,88,80,80,80,50,88,98,0,32,3,3,4,1570,16
3627,88,88,88,88,80,80,80,50,88,98,0,32,3,3,4,1570,16
3628,88,88,88,88,80,80,80,50,88,98,0,32,3,3,4,1570,16
3629,88,88,88,88,80,80,80,50,88,98,0,32,3,3,4,1570,16
3630,88,88,88,88,80,80,80,50,88,98,0,32,3,3,4,1570,16
3631,88,88,88,88,80,80,80,50,88,98,0,32,3,3,4,1570,16
3632,88,88,88,88,80,80,80,50,88,98,0,32,3,3,4,1570,16
3633,88,88,88,88,80,80,80,50,88,98,0,32,3,3,4,1570,16
3634,88,88,88,88,80,80,80,50,88,98,0,32,3,3,4,1570,16
3635,88,88,88,88,80,80,80,50,88,98,0,32,3,3,4,1570,16
3636,88,88,88,88,80,80,80,50,88,98,0,32,3,3,4,1570,16
3637,88,88,88,88,80,80,80,50,88,98,0,32,3,3,4,1570,16
3638,88,88,88,88,80,80,80,50,88,98,0,32,3,3,4,1570,16
3639,88,88,88,88,80,80,80,50,88,98,0,32,3,3,4,1570,16
3640,88,88,88,88,80,80,80,50,88,98,0,32,3,3,4,1570,16
3641,88,88,88,88,80,80,80,50,88,98,0,32,3,3,4,1570,16
3642,88,88,88,88,80,80,80,50,88,98,0,32,3,3,4,1570,16
3643,88,88,88,88,80,80,80,50,88,98,0,32,3,3,4,1570,16
3644,88,88,88,88,80,80,80,50,88,98,0,32,3,3,4,1570,16
3645,88,88,88,88,80,80,80,50,88,98,0,32,3,3,4,1570,16
3646,88,88,88,88,80,80,80,50,88,98,0,32,3,3,4,1570,16
3647,88,88,88,88,80,80,80,50,88,98,0,32,3,3,4,1570,16
3648,88,88,88,88,80,80,80,50,88,98,0,32,3,3,4,1570,16
3649,88,88,88,88,80,80,80,50,88,98,0,32,3,3,4,1570,16
3650,88,88,88,88,80,80,80,50,88,98,0,32,3,3,4,1570,16
3651,88,88,88,88,80,80,80,50,88,98,0,32,3,3,4,1570,16
3652,88,88,88,88,80,80,80,50,88,98,0,32,3,3,4,1570,16
3653,88,88,88,88,80,80,80,50,88,98,0,32,3,3,4,1570,16
3654,88,88,88,88,80,80,80,50,88,98,0,32,3,3,4,1570,16
3655,88,88,88,88,80,80,80,50,88,98,0,32,3,3,4,1570,16
3656,88,88,88,88,80,80,80,50,88,98,0,32,3,3,4,1570,16
3657,88,88,88,88,80,80,80,50,88,98,0,32,3,3,4,1570,16
3658,88,88,88,88,80,80,80,50,88,98,0,32,3,3,4,1570,16
3659,88,88,88,88,80,80,80,50,88,98,0,32,3,3,4,1570,16
3660,88,88,88,88,80,80,80,50,88,98,0,32,3,3,4,1570,16
3661,88,88,88,88,80,80,80,50,88,98,0,32,3,3,4,1570,16
3662,88,88,88,88,80,80,80,50,88,98,0,32,3,3,4,1570,16
3663,88,88,88,88,80,80,80,50,88,98,0,32,3,3,4,1570,16
3664,88,88,88,88,80,80,80,50,88,98,0,32,3,3,4,1570,16
3665,88,88,88,88,80,80,80,50,88,98,0,32,3,3,4,1570,16
3666,88,88,88,88,80,80,80,50,88,98,0,32,3,3,4,1570,16
3667,88,88,88,88,80,80,80,50,88,98,0,32,3,3,4,1570,16
3668,88,88,88,88,80,80,80,50,88,98,0,32,3,3,4,1570,16
3669,88,88,88,88,80,80,80,50,88,98,0,32,3,3,4,1570,16
3670,88,88,88,88,80,80,80,50,88,98,0,32,3,3,4,1570,16
3671,88,88,88,88,80,80,80,50,88,98,0,32,3,3,4,1570,16
3672,88,88,88,88,80,80,80,50,88,98,0,32,3,3,4,1570,16
3673,88,88,88,88,80,80,80,50,88,98,0,32,3,3,4,1570,16
3674,88,88,88,88,80,80,80,50,88,98,0,32,3,3,4,1570,16
3675,88,88,88,88,80,80,80,50,88,98,0,32,3,3,4,1570,16
3676,88,88,88,88,80,80,80,50,88,98,0,32,3,3,4,1570,16
3677,88,88,88,88,80,80,80,50,88,98,0,32,3,3,4,1570,16
3678,88,88,88,88,80,80,80,50,88,98,0,32,3,3,4,1570,16
3679,88,88,88,88,80,80,80,50,88,98,0,32,3,3,4,1570,16
3680,88,88,88,88,80,80,80,50,88,98,0,32,3,3,4,1570,16
3681,88,88,88,88,80,80,80,50,88,98,0,32,3,3,4,1570,16
3682,88,88,88,88,80,80,80,50,88,98,0,32,3,3,4,1570,16
3683,88,88,88,88,80,80,80,50,88,98,0,32,3,3,4,1570,16
3684,88,88,88,88,80,80,80,50,88,98,0,32,3,3,4,1570,16
3685,88,88,88,88,80,80,80,50,88,98,0,32,3,3,4,1570,16
3686,88,88,88,88,80,80,80,50,88,98,0,32,3,3,4,1570,16
3687,88,88,88,88,80,80,80,50,88,98,0,32,3,3,4,1570,16
3688,88,88,88,88,80,80,80,50,88,98,0,32,3,3,4,1570,16
3689,88,88,88,88,80,80,80,50,90,98,0,32,3,1,4,1570,16
3690,89,90,89,86,80,80,80,50,90,98,0,32,3,1,4,1570,16
3691,89,90,89,86,80,80,80,50,91,98,0,32,3,1,4,1570,16
3692,91,91,91,85,80,80,80,50,91,98,0,32,3,1,4,1570,16
3693,91,91,91,85,80,80,80,50,93,98,0,32,3,1,5,1580,16
3694,92,93,92,84,80,80,80,50,93,98,0,32,3,1,5,1580,16
3695,92,93,92,84,80,80,80,50,94,98,0,32,3,1,5,1580,16
3696,94,94,93,83,80,79,80,50,94,98,0,32,3,1,5,1580,16
3697,94,94,93,83,80,79,80,50,95,98,0,32,3,1,5,1580,16
3698,94,94,94,81,79,77,80,50,95,98,0,32,3,1,5,1580,16
3699,94,94,94,81,79,77,80,50,96,98,0,32,3,1,5,1580,16
3700,94,94,94,80,77,76,78,50,96,98,0,32,3,1,5,1580,16
3701,94,94,94,80,77,76,78,50,97,98,0,32,3,1,5,1580,16
3702,94,94,94,78,76,74,77,50,97,98,0,32,3,1,5,1580,16
3703,94,94,94,78,76,74,77,50,98,98,0,32,3,1,5,1580,16
3704,94,94,94,77,74,73,76,50,98,98,0,32,3,1,5,1580,16
3705,94,94,94,77,74,73,76,50,100,98,0,32,3,1,6,1590,16
3706,94,94,94,75,73,71,75,50,100,98,0,32,3,1,6,1590,16
3707,94,94,94,75,73,71,75,50,101,98,0,32,3,1,6,1590,16
3708,94,94,94,74,71,70,73,50,101,98,0,32,3,1,6,1590,16
3709,94,94,94,74,71,70,73,50,102,98,0,32,3,1,6,1590,16
3710,94,94,94,73,70,68,72,50,102,98,0,32,3,1,6,1590,16
3711,94,94,94,73,70,68,72,50,103,98,0,32,3,1,6,1590,16
3712,94,94,94,72,68,66,71,50,103,98,0,32,3,1,6,1590,16
3713,94,94,94,72,68,66,71,50,104,98,0,32,3,1,6,1590,16
3714,94,92,94,70,67,66,70,50,104,98,0,32,3,1,6,1590,16
3715,94,92,94,70,67,66,70,50,105,98,0,32,3,1,6,1590,16
3716,93,91,94,69,66,66,68,50,105,98,0,32,3,1,6,1590,16
3717,93,91,94,69,66,66,68,50,107,98,0,32,3,1,6,1590,16
3718,92,89,94,67,66,66,67,50,107,98,0,32,3,1,6,1590,16
3719,92,89,94,67,66,66,67,50,108,98,0,32,3,1,7,1600,16
3720,90,88,94,66,66,66,66,50,108,98,0,32,3,1,7,1600,16
3721,90,88,94,66,66,66,66,50,109,98,0,32,3,1,7,1600,16
3722,89,87,93,66,66,66,66,52,109,98,0,32,3,1,7,1600,16
3723,89,87,93,66,66,66,66,52,110,98,0,32,3,1,7,1600,16
3724,88,86,91,66,65,66,66,54,110,98,0,32,3,1,7,1600,16
3725,88,86,91,66,65,66,66,54,111,98,0,32,3,1,7,1600,16
3726,88,85,90,66,64,66,66,55,111,98,0,32,3,1,7,1600,16
3727,88,85,90,66,64,66,66,55,112,98,0,32,3,1,7,1600,16
3728,88,83,89,66,62,66,66,57,112,98,0,32,3,1,7,1600,16
3729,88,83,89,66,62,66,66,57,114,98,0,32,3,1,7,1600,16
3730,88,82,88,66,61,66,66,59,114,98,0,32,3,1,7,1600,16
3731,88,82,88,66,61,66,66,59,115,98,0,32,3,1,7,1600,16
3732,88,82,86,66,59,67,66,61,115,98,0,32,3,1,7,1600,16
3733,88,82,86,66,59,67,66,61,117,98,0,32,3,1,8,1610,16
3734,88,82,84,66,58,68,66,63,117,98,0,32,3,1,8,1610,16
3735,88,82,84,66,58,68,66,63,118,98,0,32,3,1,8,1610,16
3736,88,82,83,66,56,69,66,65,118,98,0,32,3,1,8,1610,16
3737,88,82,83,66,56,69,66,65,119,98,0,32,3,1,8,1610,16
3738,88,82,82,66,55,70,67,67,119,98,0,32,3,1,8,1610,16
3739,88,82,82,66,55,70,67,67,120,98,0,32,3,1,8,1610,16
3740,88,82,82,66,53,71,69,69,120,98,0,32,3,1,8,1610,16
3741,88,82,82,66,53,71,69,69,121,98,0,32,3,1,8,1610,16
3742,88,82,82,66,52,72,71,70,121,98,0,32,3,1,8,1610,16
3743,88,82,82,66,52,72,71,70,122,98,0,32,3,1,8,1610,16
3744,88,82,82,66,50,74,72,72,122,98,0,32,3,1,8,1610,16
3745,88,82,82,66,50,74,72,72,124,98,0,32,3,1,9,1620,16
3746,87,82,82,66,50,75,74,74,124,98,0,32,3,1,9,1620,16
3747,87,82,82,66,50,75,74,74,125,98,0,32,3,1,9,1620,16
3748,86,82,82,66,50,76,76,76,125,98,0,32,3,1,9,1620,16
3749,86,82,82,66,50,76,76,76,126,98,0,32,3,1,9,1620,16
3750,85,82,82,66,50,77,78,78,126,98,0,32,3,1,9,1620,16
3751,85,82,82,66,50,77,78,78,127,98,0,32,3,1,9,1620,16
3752,84,82,82,66,50,78,79,80,127,98,0,32,3,1,9,1620,16
3753,84,82,82,66,50,78,79,80,128,98,0,32,3,1,9,1620,16
3754,83,82,83,66,50,79,80,82,128,98,0,32,3,1,9,1620,16
3755,83,82,83,66,50,79,80,82,129,98,0,32,3,1,9,1620,16
3756,82,82,85,66,50,80,80,84,129,98,0,32,3,1,9,1620,16
3757,82,82,85,66,50,80,80,84,131,98,0,32,3,1,9,1620,16
3758,81,83,87,66,50,80,80,85,131,98,0,32,3,1,9,1620,16
3759,81,83,87,66,50,80,80,85,132,98,0,32,3,1,10,1620,16
3760,80,85,88,66,50,80,80,87,132,98,0,32,3,1,10,1620,16
3761,80,85,88,66,50,80,80,87,133,98,0,32,3,1,10,1620,16
3762,79,86,90,66,50,80,80,89,133,98,0,32,3,1,10,1620,16
3763,79,86,90,66,50,80,80,89,134,98,0,32,3,1,10,1620,16
3764,78,87,92,66,50,80,80,91,134,98,0,32,3,1,10,1620,16
3765,78,87,92,66,50,80,80,91,134,99,0,32,3,2,10,1620,16
3766,77,88,94,66,50,80,80,93,134,99,0,32,3,2,10,1620,16
3767,77,88,94,66,50,80,80,93,134,101,0,32,3,2,10,1620,16
3768,76,89,94,66,50,80,79,95,134,101,0,32,3,2,10,1620,16
3769,76,89,94,66,50,80,79,95,134,103,0,32,3,2,10,1620,16
3770,75,90,94,66,50,80,77,97,134,103,0,32,3,2,10,1620,16
3771,75,90,94,66,50,80,77,97,134,105,0,32,3,2,10,1620,16
3772,74,91,94,65,50,80,75,98,134,105,0,32,3,2,10,1620,16
3773,74,91,94,65,50,80,75,98,134,107,0,32,3,2,11,1630,16
3774,73,92,94,64,50,80,73,98,134,107,0,32,3,2,11,1630,16
3775,73,92,94,64,50,80,73,98,134,109,0,32,3,2,11,1630,16
3776,72,94,94,63,50,80,72,98,134,109,0,32,3,2,11,1630,16
3777,72,94,94,63,50,80,72,98,134,110,0,32,3,2,11,1630,16
3778,71,94,94,61,50,79,70,98,134,110,0,32,3,2,11,1630,16
3779,71,94,94,61,50,79,70,98,134,112,0,32,3,2,11,1630,16
3780,70,94,94,60,50,78,68,98,134,112,0,32,3,2,11,1630,16
3781,70,94,94,60,50,78,68,98,134,113,0,32,3,2,11,1630,16
3782,69,94,94,58,50,77,66,98,134,113,0,32,3,2,11,1630,16
3783,69,94,94,58,50,77,66,98,134,115,0,32,3,2,11,1630,16
3784,68,94,93,57,50,76,66,98,134,115,0,32,3,2,11,1630,16
3785,68,94,93,57,50,76,66,98,134,117,0,32,3,2,11,1630,16
3786,67,94,91,55,50,75,66,98,134,117,0,32,3,2,11,1630,16
3787,67,94,91,55,50,75,66,98,134,119,0,32,3,2,12,1640,16
3788,66,94,89,54,50,74,66,98,134,119,0,32,3,2,12,1640,16
3789,66,94,89,54,50,74,66,98,134,120,0,32,3,2,12,1640,16
3790,66,94,87,53,51,73,66,98,134,120,0,32,3,2,12,1640,16
3791,66,94,87,53,51,73,66,98,134,122,0,32,3,2,12,1640,16
3792,66,94,86,52,53,71,66,98,134,122,0,32,3,2,12,1640,16
3793,66,94,86,52,53,71,66,98,135,122,0,32,3,1,12,1640,16
3794,66,94,85,50,54,70,66,98,135,122,0,32,3,1,12,1640,16
3795,66,94,85,50,54,70,66,98,136,122,0,32,3,1,12,1640,16
3796,66,94,83,49,56,69,66,98,136,122,0,32,3,1,12,1640,16
3797,66,94,83,49,56,69,66,98,138,122,0,32,3,1,12,1640,16
3798,66,94,82,47,57,68,66,98,138,122,0,32,3,1,12,1640,16
3799,66,94,82,47,57,68,66,98,139,122,0,32,3,1,12,1640,16
3800,66,94,82,46,59,67,67,98,139,122,0,32,3,1,12,1640,16
3801,66,94,82,46,59,67,67,98,141,122,0,32,3,1,13,1650,16
3802,66,94,82,44,60,66,68,98,141,122,0,32,3,1,13,1650,16
3803,66,94,82,44,60,66,68,98,142,122,0,32,3,1,13,1650,16
3804,66,93,82,43,62,66,70,98,142,122,0,32,3,1,13,1650,16
3805,66,93,82,43,62,66,70,98,143,122,0,32,3,1,13,1650,16
3806,66,92,82,42,63,66,71,98,143,122,0,32,3,1,13,1650,16
3807,66,92,82,42,63,66,71,98,144,122,0,32,3,1,13,1650,16
3808,66,90,82,42,65,66,72,100,144,122,0,32,3,1,13,1650,16
3809,66,90,82,42,65,66,72,100,145,122,0,32,3,1,13,1650,16
3810,66,89,82,42,66,66,73,102,145,122,0,32,3,1,13,1650,16
3811,66,89,82,42,66,66,73,102,146,122,0,32,3,1,13,1650,16
3812,66,88,82,42,68,66,75,104,146,122,0,32,3,1,13,1650,16
3813,66,88,82,42,68,66,75,104,148,122,0,32,3,1,14,1660,16
3814,66,86,82,42,69,66,76,106,148,122,0,32,3,1,14,1660,16
3815,66,86,82,42,69,66,76,106,149,122,0,32,3,1,14,1660,16
3816,66,85,82,42,71,66,77,108,149,122,0,32,3,1,14,1660,16
3817,66,85,82,42,71,66,77,108,150,122,0,32,3,1,14,1660,16
3818,66,83,82,42,72,66,78,110,150,122,0,32,3,1,14,1660,16
3819,66,83,82,42,72,66,78,110,151,122,0,32,3,1,14,1660,16
3820,66,82,82,42,74,66,80,112,151,122,0,32,3,1,14,1660,16
3821,66,82,82,42,74,66,80,112,152,122,0,32,3,1,14,1660,16
3822,66,82,83,42,75,68,80,113,152,122,0,32,3,1,14,1660,16
3823,66,82,83,42,75,68,80,113,153,122,0,32,3,1,14,1660,16
3824,66,82,84,42,77,70,80,115,153,122,0,32,3,1,14,1660,16
3825,66,82,84,42,77,70,80,115,155,122,0,32,3,1,14,1660,16
3826,66,82,85,42,78,72,80,117,155,122,0,32,3,1,14,1660,16
3827,66,82,85,42,78,72,80,117,156,122,0,32,3,1,15,1670,16
3828,66,82,87,42,80,73,80,119,156,122,0,32,3,1,15,1670,16
3829,66,82,87,42,80,73,80,119,157,122,0,32,3,1,15,1670,16
3830,66,82,88,42,81,75,80,121,157,122,0,32,3,1,15,1670,16
3831,66,82,88,42,81,75,80,121,158,122,0,32,3,1,15,1670,16
3832,66,82,89,41,83,76,80,122,158,122,0,32,3,1,15,1670,16
3833,66,82,89,41,83,76,80,122,158,123,0,32,3,2,15,1670,16
3834,66,82,90,39,84,78,80,122,158,123,0,32,3,2,15,1670,16
3835,66,82,90,39,84,78,80,122,158,125,0,32,3,2,15,1670,16
3836,66,82,92,38,86,79,80,122,158,125,0,32,3,2,15,1670,16
3837,66,82,92,38,86,79,80,122,158,127,0,32,3,2,15,1670,16
3838,66,83,93,37,87,80,80,122,158,127,0,32,3,2,15,1670,16
3839,66,83,93,37,87,80,80,122,158,129,0,32,3,2,15,1670,16
3840,66,85,94,36,89,80,80,122,158,129,0,32,3,2,15,1670,16
3841,66,85,94,36,89,80,80,122,158,131,0,32,3,2,16,1680,16
3842,66,87,94,34,90,80,79,122,158,131,0,32,3,2,16,1680,16
3843,66,87,94,34,90,80,79,122,158,133,0,32,3,2,16,1680,16
3844,66,88,94,33,92,80,77,122,158,133,0,32,3,2,16,1680,16
3845,66,88,94,33,92,80,77,122,158,134,0,32,3,2,16,1680,16
3846,66,90,94,31,93,80,76,122,158,134,0,32,3,2,16,1680,16
3847,66,90,94,31,93,80,76,122,158,136,0,32,3,2,16,1680,16
3848,66,91,94,30,95,80,75,122,158,136,0,32,3,2,16,1680,16
3849,66,91,94,30,95,80,75,122,158,137,0,32,3,2,16,1680,16
3850,66,93,94,28,96,80,74,122,158,137,0,32,3,2,16,1680,16
3851,66,93,94,28,96,80,74,122,158,139,0,32,3,2,16,1680,16
3852,66,94,94,27,98,80,72,122,158,139,0,32,3,2,16,1680,16
3853,66,94,94,27,98,80,72,122,158,141,0,32,3,2,17,1720,16
3854,65,94,94,28,98,79,71,122,158,141,0,32,3,2,17,1720,16
3855,65,94,94,28,98,79,71,122,158,143,0,32,3,2,17,1720,16
3856,64,94,94,29,98,78,70,122,158,143,0,32,3,2,17,1720,16
3857,64,94,94,29,98,78,70,122,158,145,0,32,3,2,17,1720,16
3858,64,94,94,29,98,77,70,122,158,145,0,32,3,2,17,1720,16
3859,64,94,94,29,98,77,70,122,158,147,0,32,3,2,17,1720,16
3860,63,94,94,30,98,76,69,122,158,147,0,32,3,2,17,1720,16
3861,63,94,94,30,98,76,69,122,158,149,0,32,3,2,17,1720,16
3862,62,94,94,31,98,75,68,122,158,149,0,32,3,2,17,1720,16
3863,62,94,94,31,98,75,68,122,158,151,0,32,3,2,17,1720,16
3864,61,94,94,32,98,74,67,122,158,151,0,32,3,2,17,1720,16
3865,61,94,94,32,98,74,67,122,158,153,0,32,3,2,17,1720,16
3866,61,94,94,32,98,73,67,122,158,153,0,32,3,2,17,1720,16
3867,61,94,94,32,98,73,67,122,158,155,0,32,3,2,18,1730,16
3868,60,94,94,33,98,72,66,122,158,155,0,32,3,2,18,1730,16
3869,60,94,94,33,98,72,66,122,158,156,0,32,3,2,18,1730,16
3870,59,94,93,34,98,71,66,122,158,156,0,32,3,2,18,1730,16
3871,59,94,93,34,98,71,66,122,158,158,0,32,3,2,18,1730,16
3872,58,94,92,35,98,70,66,122,158,158,0,32,3,2,18,1730,16
3873,58,94,92,35,98,70,66,122,157,158,0,32,3,3,18,1730,16
3874,58,94,92,35,98,69,66,122,157,158,0,32,3,3,18,1730,16
3875,58,94,92,35,98,69,66,122,156,158,0,32,3,3,18,1730,16
3876,57,94,91,36,98,68,66,122,156,158,0,32,3,3,18,1730,16
3877,57,94,91,36,98,68,66,122,154,158,0,32,3,3,18,1730,16
3878,56,94,90,37,98,67,66,122,154,158,0,32,3,3,18,1730,16
3879,56,94,90,37,98,67,66,122,153,158,0,32,3,3,18,1730,16
3880,55,94,89,38,98,66,66,122,153,158,0,32,3,3,18,1730,16
3881,55,94,89,38,98,66,66,122,151,158,0,32,3,3,19,1740,16
3882,55,93,89,38,98,66,66,122,151,158,0,32,3,3,19,1740,16
3883,55,93,89,38,98,66,66,122,150,158,0,32,3,3,19,1740,16
3884,54,92,88,39,98,66,66,122,150,158,0,32,3,3,19,1740,16
3885,54,92,88,39,98,66,66,122,149,158,0,32,3,3,19,1740,16
3886,53,91,87,40,98,66,66,122,149,158,0,32,3,3,19,1740,16
3887,53,91,87,40,98,66,66,122,148,158,0,32,3,3,19,1740,16
3888,52,90,86,41,98,66,66,122,148,158,0,32,3,3,19,1740,16
3889,52,90,86,41,98,66,66,122,147,158,0,32,3,3,19,1740,16
3890,52,89,85,41,98,66,66,122,147,158,0,32,3,3,19,1740,16
3891,52,89,85,41,98,66,66,122,146,158,0,32,3,3,19,1740,16
3892,51,88,84,42,98,66,66,122,146,158,0,32,3,3,19,1740,16
3893,51,88,84,42,98,66,66,122,144,158,0,32,3,3,19,1740,16
3894,50,88,83,42,98,65,66,121,144,158,0,32,3,3,19,1740,16
3895,50,88,83,42,98,65,66,121,143,158,0,32,3,3,20,1750,16
3896,49,88,82,42,98,64,66,120,143,158,0,32,3,3,20,1750,16
3897,49,88,82,42,98,64,66,120,142,158,0,32,3,3,20,1750,16
3898,49,88,82,42,98,63,67,119,142,158,0,32,3,3,20,1750,16
3899,49,88,82,42,98,63,67,119,141,158,0,32,3,3,20,1750,16
3900,48,88,82,42,98,62,68,118,141,158,0,32,3,3,20,1750,16
3901,48,88,82,42,98,62,68,118,140,158,0,32,3,3,20,1750,16
3902,47,88,82,42,98,61,69,117,140,158,0,32,3,3,20,1750,16
3903,47,88,82,42,98,61,69,117,139,158,0,32,3,3,20,1750,16
3904,46,88,82,42,98,60,70,116,139,158,0,32,3,3,20,1750,16
3905,46,88,82,42,98,60,70,116,137,158,0,32,3,3,20,1750,16
3906,46,88,82,42,98,59,71,115,137,158,0,32,3,3,20,1750,16
3907,46,88,82,42,98,59,71,115,136,158,0,32,3,3,20,1750,16
3908,45,88,82,42,98,58,72,114,136,158,0,32,3,3,20,1750,16
3909,45,88,82,42,98,58,72,114,134,158,0,32,3,3,21,1760,16
3910,44,88,82,42,98,57,73,113,134,158,0,32,3,3,21,1760,16
3911,44,88,82,42,98,57,73,113,134,156,0,32,3,0,21,1760,16
3912,43,88,82,42,98,56,74,112,134,156,0,32,3,0,21,1760,16
3913,43,88,82,42,98,56,74,112,134,155,0,32,3,0,21,1760,16
3914,43,88,82,42,98,55,75,111,134,155,0,32,3,0,21,1760,16
3915,43,88,82,42,98,55,75,111,134,153,0,32,3,0,21,1760,16
3916,42,88,82,42,98,54,76,110,134,153,0,32,3,0,21,1760,16
3917,42,88,82,42,98,54,76,110,134,152,0,32,3,0,21,1760,16
3918,42,88,82,42,98,53,77,109,134,152,0,32,3,0,21,1760,16
3919,42,88,82,42,98,53,77,109,134,150,0,32,3,0,21,1760,16
3920,42,88,82,42,99,52,78,108,134,150,0,32,3,0,21,1760,16
3921,42,88,82,42,99,52,78,108,134,148,0,32,3,0,21,1760,16
3922,42,88,82,42,100,51,79,107,134,148,0,32,3,0,21,1760,16
3923,42,88,82,42,100,51,79,107,134,146,0,32,3,0,22,1770,16
3924,42,88,82,42,101,50,80,106,134,146,0,32,3,0,22,1770,16
3925,42,88,82,42,101,50,80,106,134,145,0,32,3,0,22,1770,16
3926,42,87,83,42,102,50,80,105,134,145,0,32,3,0,22,1770,16
3927,42,87,83,42,102,50,80,105,134,143,0,32,3,0,22,1770,16
3928,42,86,84,42,103,50,80,104,134,143,0,32,3,0,22,1770,16
3929,42,86,84,42,103,50,80,104,134,142,0,32,3,0,22,1770,16
3930,42,86,85,42,104,50,80,103,134,142,0,32,3,0,22,1770,16
3931,42,86,85,42,104,50,80,103,134,140,0,32,3,0,22,1770,16
3932,42,85,86,42,105,50,80,102,134,140,0,32,3,0,22,1770,16
3933,42,85,86,42,105,50,80,102,134,138,0,32,3,0,22,1770,16
3934,42,84,87,42,106,50,80,101,134,138,0,32,3,0,22,1770,16
3935,42,84,87,42,106,50,80,101,134,136,0,32,3,0,22,1770,16
3936,42,83,88,42,107,50,80,100,134,136,0,32,3,0,22,1770,16
3937,42,83,88,42,107,50,80,100,134,134,0,32,3,0,23,1780,16
3938,42,83,89,42,108,50,80,99,134,134,0,32,3,0,23,1780,16
3939,42,83,89,42,108,50,80,99,134,132,0,32,3,0,23,1780,16
3940,42,82,90,42,109,50,80,98,134,132,0,32,3,0,23,1780,16
3941,42,82,90,42,109,50,80,98,134,131,0,32,3,0,23,1780,16
3942,42,82,91,43,110,50,80,98,134,131,0,32,3,0,23,1780,16
3943,42,82,91,43,110,50,80,98,134,129,0,32,3,0,23,1780,16
3944,42,81,92,44,110,50,80,98,134,129,0,32,3,0,23,1780,16
3945,42,81,92,44,110,50,80,98,134,128,0,32,3,0,23,1780,16
3946,42,81,93,44,111,50,80,98,134,128,0,32,3,0,23,1780,16
3947,42,81,93,44,111,50,80,98,134,126,0,32,3,0,23,1780,16
3948,42,80,94,45,112,50,80,98,134,126,0,32,3,0,23,1780,16
3949,42,80,94,45,112,50,80,98,134,124,0,32,3,0,23,1780,16
3950,42,79,94,46,113,50,79,98,134,124,0,32,3,0,23,1780,16
3951,42,79,94,46,113,50,79,98,134,122,0,32,3,0,23,1780,16
3952,42,78,94,47,114,50,78,98,134,122,0,32,3,0,23,1780,16
3953,42,78,94,47,114,50,78,98,136,122,0,32,3,1,23,1780,16
3954,42,78,94,47,115,50,77,98,136,122,0,32,3,1,23,1780,16
3955,42,78,94,47,115,50,77,98,137,122,0,32,3,1,23,1780,16
3956,42,77,94,48,116,50,76,98,137,122,0,32,3,1,23,1780,16
3957,42,77,94,48,116,50,76,98,139,122,0,32,3,1,23,1780,16
3958,42,76,94,49,117,50,75,98,139,122,0,32,3,1,23,1780,16
3959,42,76,94,49,117,50,75,98,140,122,0,32,3,1,23,1780,16
3960,42,75,94,50,118,50,74,98,140,122,0,32,3,1,23,1780,16
3961,42,75,94,50,118,50,74,98,142,122,0,32,3,1,23,1780,16
3962,42,75,94,50,119,50,73,98,142,122,0,32,3,1,23,1780,16
3963,42,75,94,50,119,50,73,98,143,122,0,32,3,1,23,1780,16
3964,42,74,94,51,120,50,72,98,143,122,0,32,3,1,23,1780,16
3965,42,74,94,51,120,50,72,98,145,122,0,32,3,1,23,1780,16
3966,42,73,94,52,121,50,71,98,145,122,0,32,3,1,23,1780,16
3967,42,73,94,52,121,50,71,98,146,122,0,32,3,1,23,1780,16
3968,42,72,94,53,122,50,70,98,146,122,0,32,3,1,23,1780,16
3969,42,72,94,53,122,50,70,98,148,122,0,32,3,1,23,1780,16
3970,41,72,94,53,122,50,69,98,148,122,0,32,3,1,23,1780,16
3971,41,72,94,53,122,50,69,98,149,122,0,32,3,1,23,1780,16
3972,40,71,94,54,122,50,68,98,149,122,0,32,3,1,23,1780,16
3973,40,71,94,54,122,50,68,98,150,121,0,32,3,0,23,1780,16
3974,39,70,94,55,122,50,67,98,150,121,0,32,3,0,23,1780,16
3975,39,70,94,55,122,50,67,98,150,119,0,32,3,0,23,1780,16
3976,38,69,94,56,122,50,66,98,150,119,0,32,3,0,23,1780,16
3977,38,69,94,56,122,50,66,98,150,117,0,32,3,0,23,1780,16
3978,38,69,93,56,122,50,66,98,150,117,0,32,3,0,23,1780,16
3979,38,69,93,56,122,50,66,98,150,115,0,32,3,0,23,1780,16
3980,37,68,92,57,122,50,66,98,150,115,0,32,3,0,23,1780,16
3981,37,68,92,57,122,50,66,98,150,113,0,32,3,0,23,1780,16
3982,36,67,91,58,122,50,66,98,150,113,0,32,3,0,23,1780,16
3983,36,67,91,58,122,50,66,98,150,111,0,32,3,0,23,1780,16
3984,35,66,90,59,122,50,66,98,150,111,0,32,3,0,23,1780,16
3985,35,66,90,59,122,50,66,98,150,109,0,32,3,0,24,1790,16
3986,35,66,89,59,122,50,66,98,150,109,0,32,3,0,24,1790,16
3987,35,66,89,59,122,50,66,98,150,107,0,32,3,0,24,1790,16
3988,34,66,88,60,122,51,66,98,150,107,0,32,3,0,24,1790,16
3989,34,66,88,60,122,51,66,98,150,106,0,32,3,0,24,1790,16
3990,33,66,88,61,122,52,65,98,150,106,0,32,3,0,24,1790,16
3991,33,66,88,61,122,52,65,98,150,104,0,32,3,0,24,1790,16
3992,32,66,88,62,122,53,64,98,150,104,0,32,3,0,24,1790,16
3993,32,66,88,62,122,53,64,98,150,103,0,32,3,0,24,1790,16
3994,32,66,88,62,122,54,63,98,150,103,0,32,3,0,24,1790,16
3995,32,66,88,62,122,54,63,98,150,101,0,32,3,0,24,1790,16
3996,31,66,88,63,122,55,62,98,150,101,0,32,3,0,24,1790,16
3997,31,66,88,63,122,55,62,98,150,99,0,32,3,0,24,1790,16
3998,30,66,88,64,122,56,61,98,150,99,0,32,3,0,24,1790,16
3999,30,66,88,64,122,56,61,98,151,98,0,32,3,1,25,1800,16
4000,29,66,88,65,122,57,60,98,151,98,0,32,3,1,25,1800,16
4001,29,66,88,65,122,57,60,98,152,98,0,32,3,1,25,1800,16
4002,29,66,88,65,122,58,59,98,152,98,0,32,3,1,25,1800,16
4003,29,66,88,65,122,58,59,98,153,98,0,32,3,1,25,1800,16
4004,28,66,88,66,122,59,58,98,153,98,0,32,3,1,25,1800,16
4005,28,66,88,66,122,59,58,98,154,98,0,32,3,1,25,1800,16
4006,27,66,88,66,122,60,57,97,154,98,0,32,3,1,25,1800,16
4007,27,66,88,66,122,60,57,97,155,98,0,32,3,1,25,1800,16
4008,26,66,88,66,122,61,56,96,155,98,0,32,3,1,25,1800,16
4009,26,66,88,66,122,61,56,96,153,98,0,32,3,3,25,1800,16
4010,26,66,88,66,122,62,55,95,153,98,0,32,3,3,25,1800,16
4011,26,66,88,66,122,62,55,95,152,98,0,32,3,3,25,1800,16
4012,26,66,88,66,122,63,54,94,152,98,0,32,3,3,25,1800,16
4013,26,66,88,66,122,63,54,94,150,98,0,32,3,3,25,1800,16
4014,25,66,88,66,122,64,53,93,150,98,0,32,3,3,25,1800,16
4015,25,66,88,66,122,64,53,93,150,98,0,32,3,3,25,1800,16
4016,24,66,88,66,122,65,52,92,150,98,0,32,3,3,25,1800,16
4017,24,66,88,66,122,65,52,92,150,98,0,32,3,3,25,1800,16
4018,24,66,88,66,122,66,51,91,150,98,0,32,3,3,25,1800,16
4019,24,66,88,66,122,66,51,91,150,98,0,32,3,3,25,1800,16
4020,23,66,88,66,122,67,50,90,150,98,0,32,3,3,25,1800,16
4021,23,66,88,66,122,67,50,90,150,98,0,32,3,3,25,1800,16
4022,22,66,89,66,122,68,50,89,150,98,0,32,3,3,25,1800,16
4023,22,66,89,66,122,68,50,89,151,98,0,32,3,1,25,1800,16
4024,21,66,90,66,122,69,50,88,151,98,0,32,3,1,25,1800,16
4025,21,66,90,66,122,69,50,88,153,98,0,32,3,1,25,1800,16
4026,21,66,90,66,122,70,50,87,153,98,0,32,3,1,25,1800,16
4027,21,66,90,66,122,70,50,87,154,98,0,32,3,1,25,1800,16
4028,20,66,91,66,122,71,50,86,154,98,0,32,3,1,25,1800,16
4029,20,66,91,66,122,71,50,86,156,98,0,32,3,1,26,1800,16
4030,19,66,92,66,122,72,50,85,156,98,0,32,3,1,26,1800,16
4031,19,66,92,66,122,72,50,85,157,98,0,32,3,1,26,1800,16
4032,18,66,93,66,122,73,50,84,157,98,0,32,3,1,26,1800,16
4033,18,66,93,66,122,73,50,84,158,98,0,32,3,1,26,1800,16
4034,18,66,93,66,122,74,50,83,158,98,0,32,3,1,26,1800,16
4035,18,66,93,66,122,74,50,83,159,98,0,32,3,1,26,1800,16
4036,18,66,94,66,122,75,50,82,159,98,0,32,3,1,26,1800,16
4037,18,66,94,66,122,75,50,82,158,98,0,32,3,3,26,1800,16
4038,18,66,95,66,123,76,50,81,158,98,0,32,3,3,26,1800,16
4039,18,66,95,66,123,76,50,81,157,98,0,32,3,3,26,1800,16
4040,18,66,96,66,124,77,50,80,157,98,0,32,3,3,26,1800,16
4041,18,66,96,66,124,77,50,80,155,98,0,32,3,3,26,1800,16
4042,18,66,96,66,125,78,50,79,155,98,0,32,3,3,26,1800,16
4043,18,66,96,66,125,78,50,79,154,98,0,32,3,3,26,1800,16
4044,18,66,97,66,126,79,50,78,154,98,0,32,3,3,26,1800,16
4045,18,66,97,66,126,79,50,78,152,98,0,32,3,3,26,1800,16
4046,18,66,98,66,127,80,50,77,152,98,0,32,3,3,26,1800,16
4047,18,66,98,66,127,80,50,77,151,98,0,32,3,3,26,1800,16
4048,18,66,99,66,128,81,50,76,151,98,0,32,3,3,26,1800,16
4049,18,66,99,66,128,81,50,76,150,97,0,32,3,0,26,1800,16
4050,18,66,99,66,129,82,50,75,150,97,0,32,3,0,26,1800,16
4051,18,66,99,66,129,82,50,75,150,95,0,32,3,0,26,1800,16
4052,18,66,100,66,130,83,50,74,150,95,0,32,3,0,26,1800,16
4053,18,66,100,66,130,83,50,74,150,93,0,32,3,0,26,1800,16
4054,18,66,101,66,131,84,50,73,150,93,0,32,3,0,26,1800,16
4055,18,66,101,66,131,84,50,73,150,91,0,32,3,0,26,1800,16
4056,18,66,102,66,132,85,50,72,150,91,0,32,3,0,26,1800,16
4057,18,66,102,66,132,85,50,72,150,89,0,32,3,0,26,1800,16
4058,18,66,102,66,133,86,50,71,150,89,0,32,3,0,26,1800,16
4059,18,66,102,66,133,86,50,71,150,87,0,32,3,0,26,1800,16
4060,18,66,103,66,134,86,50,70,150,87,0,32,3,0,26,1800,16
4061,18,66,103,66,134,86,50,70,150,85,0,32,3,0,27,1810,16
4062,18,66,104,66,134,87,50,69,150,85,0,32,3,0,27,1810,16
4063,18,66,104,66,134,87,50,69,150,83,0,32,3,0,27,1810,16
4064,18,66,105,66,135,88,50,68,150,83,0,32,3,0,27,1810,16
4065,18,66,105,66,135,88,50,68,150,82,0,32,3,0,27,1810,16
4066,18,66,105,66,136,89,50,67,150,82,0,32,3,0,27,1810,16
4067,18,66,105,66,136,89,50,67,150,80,0,32,3,0,27,1810,16
4068,18,66,106,66,137,90,50,66,150,80,0,32,3,0,27,1810,16
4069,18,66,106,66,137,90,50,66,150,79,0,32,3,0,27,1810,16
4070,18,66,107,66,138,91,50,65,150,79,0,32,3,0,27,1810,16
4071,18,66,107,66,138,91,50,65,150,77,0,32,3,0,27,1810,16
4072,18,66,108,66,139,92,50,64,150,77,0,32,3,0,27,1810,16
4073,18,66,108,66,139,92,50,64,150,75,0,32,3,0,27,1810,16
4074,18,66,108,66,140,93,50,63,150,75,0,32,3,0,27,1810,16
4075,18,66,108,66,140,93,50,63,150,73,0,32,3,0,28,1820,16
4076,18,66,109,66,141,94,50,62,150,73,0,32,3,0,28,1820,16
4077,18,66,109,66,141,94,50,62,150,72,0,32,3,0,28,1820,16
4078,18,66,110,66,142,95,50,61,150,72,0,32,3,0,28,1820,16
4079,18,66,110,66,142,95,50,61,150,70,0,32,3,0,28,1820,16
4080,18,66,111,66,143,96,50,60,150,70,0,32,3,0,28,1820,16
4081,18,66,111,66,143,96,50,60,150,69,0,32,3,0,28,1820,16
4082,18,66,111,66,144,97,50,59,150,69,0,32,3,0,28,1820,16
4083,18,66,111,66,144,97,50,59,150,67,0,32,3,0,28,1820,16
4084,18,66,112,66,145,98,50,58,150,67,0,32,3,0,28,1820,16
4085,18,66,112,66,145,98,50,58,150,65,0,32,3,0,28,1820,16
4086,18,65,113,66,146,98,50,57,150,65,0,32,3,0,28,1820,16
4087,18,65,113,66,146,98,50,57,150,63,0,32,3,0,28,1820,16
4088,18,64,114,66,147,98,50,56,150,63,0,32,3,0,28,1820,16
4089,18,64,114,66,147,98,50,56,150,61,0,32,3,0,29,1830,16
4090,18,64,114,66,148,98,50,55,150,61,0,32,3,0,29,1830,16
4091,18,64,114,66,148,98,50,55,150,59,0,32,3,0,29,1830,16
4092,18,63,115,66,149,98,50,54,150,59,0,32,3,0,29,1830,16
4093,18,63,115,66,149,98,50,54,150,58,0,32,3,0,29,1830,16
4094,18,62,116,66,150,98,50,53,150,58,0,32,3,0,29,1830,16
4095,18,62,116,66,150,98,50,53,150,56,0,32,3,0,29,1830,16
4096,18,61,117,66,151,98,50,52,150,56,0,32,3,0,29,1830,16
4097,18,61,117,66,151,98,50,52,150,55,0,32,3,0,29,1830,16
4098,18,61,117,66,152,98,50,51,150,55,0,32,3,0,29,1830,16
4099,18,61,117,66,152,98,50,51,150,53,0,32,3,0,29,1830,16
4100,18,60,118,66,153,98,50,50,150,53,0,32,3,0,29,1830,16
4101,18,60,118,66,153,98,50,50,150,51,0,32,3,0,29,1830,16
4102,18,59,118,65,154,98,50,50,150,51,0,32,3,0,29,1830,16
4103,18,59,118,65,154,98,50,50,151,50,0,32,3,1,30,1840,16
4104,18,58,119,64,155,98,50,50,151,50,0,32,3,1,30,1840,16
4105,18,58,119,64,155,98,50,50,152,50,0,32,3,1,30,1840,16
4106,18,58,119,64,156,98,50,50,152,50,0,32,3,1,30,1840,16
4107,18,58,119,64,156,98,50,50,153,50,0,32,3,1,30,1840,16
4108,18,57,120,63,157,98,50,50,153,50,0,32,3,1,30,1840,16
4109,18,57,120,63,157,98,50,50,154,50,0,32,3,1,30,1840,16
4110,18,56,121,62,158,98,50,50,154,50,0,32,3,1,30,1840,16
4111,18,56,121,62,158,98,50,50,155,50,0,32,3,1,30,1840,16
4112,19,55,122,61,158,98,50,50,155,50,0,32,3,1,30,1840,16
4113,19,55,122,61,158,98,50,50,157,50,0,32,3,1,31,1850,16
4114,19,55,122,61,158,98,50,50,157,50,0,32,3,1,31,1850,16
4115,19,55,122,61,158,98,50,50,156,50,0,32,3,3,31,1850,16
4116,20,54,123,60,158,98,50,50,156,50,0,32,3,3,31,1850,16
4117,20,54,123,60,158,98,50,50,155,50,0,32,3,3,31,1850,16
4118,21,53,124,59,158,98,50,50,155,50,0,32,3,3,31,1850,16
4119,21,53,124,59,158,98,50,50,154,50,0,32,3,3,31,1850,16
4120,22,52,125,58,158,98,50,50,154,50,0,32,3,3,31,1850,16
4121,22,52,125,58,158,98,50,50,153,50,0,32,3,3,31,1850,16
4122,22,52,125,58,158,98,50,50,153,50,0,32,3,3,31,1850,16
4123,22,52,125,58,158,98,50,50,152,50,0,32,3,3,31,1850,16
4124,23,51,126,57,158,98,50,50,152,50,0,32,3,3,31,1850,16
4125,23,51,126,57,158,98,50,50,150,50,0,32,3,3,31,1850,16
4126,24,50,127,56,158,98,50,50,150,50,0,32,3,3,31,1850,16
4127,24,50,127,56,158,98,50,50,150,48,0,32,3,0,31,1850,16
4128,25,49,128,55,158,98,50,50,150,48,0,32,3,0,31,1850,16
4129,25,49,128,55,158,98,50,50,150,46,0,32,3,0,31,1850,16
4130,25,49,128,55,158,98,50,50,150,46,0,32,3,0,31,1850,16
4131,25,49,128,55,158,98,50,50,150,44,0,32,3,0,31,1850,16
4132,26,48,129,54,158,98,50,50,150,44,0,32,3,0,31,1850,16
4133,26,48,129,54,158,98,50,50,150,42,0,32,3,0,31,1850,16
4134,27,47,130,53,158,98,50,50,150,42,0,32,3,0,31,1850,16
4135,27,47,130,53,158,98,50,50,150,40,0,32,3,0,31,1850,16
4136,28,46,131,52,158,98,50,50,150,40,0,32,3,0,31,1850,16
4137,28,46,131,52,158,98,50,50,150,38,0,32,3,0,32,1860,16
4138,28,46,131,52,158,98,50,50,150,38,0,32,3,0,32,1860,16
4139,28,46,131,52,158,98,50,50,150,36,0,32,3,0,32,1860,16
4140,29,45,132,51,158,98,50,50,150,36,0,32,3,0,32,1860,16
4141,29,45,132,51,158,98,50,50,150,35,0,32,3,0,32,1860,16
4142,30,44,133,50,158,98,50,50,150,35,0,32,3,0,32,1860,16
4143,30,44,133,50,158,98,50,50,150,33,0,32,3,0,32,1860,16
4144,31,43,134,49,158,98,50,50,150,33,0,32,3,0,32,1860,16
4145,31,43,134,49,158,98,50,50,150,32,0,32,3,0,32,1860,16
4146,31,43,134,49,158,98,50,50,150,32,0,32,3,0,32,1860,16
4147,31,43,134,49,158,98,50,50,150,30,0,32,3,0,32,1860,16
4148,32,42,134,48,158,98,49,50,150,30,0,32,3,0,32,1860,16
4149,32,42,134,48,158,98,49,50,150,28,0,32,3,0,32,1860,16
4150,33,42,134,47,158,99,48,50,150,28,0,32,3,0,32,1860,16
4151,33,42,134,47,158,99,48,50,150,26,0,32,3,0,33,1870,16
4152,34,42,134,46,158,100,47,50,150,26,0,32,3,0,33,1870,16
4153,34,42,134,46,158,100,47,50,149,26,0,32,3,3,33,1870,16
4154,34,42,134,46,158,101,46,50,149,26,0,32,3,3,33,1870,16
4155,34,42,134,46,158,101,46,50,148,26,0,32,3,3,33,1870,16
4156,35,42,134,45,158,102,45,50,148,26,0,32,3,3,33,1870,16
4157,35,42,134,45,158,102,45,50,147,26,0,32,3,3,33,1870,16
4158,36,42,134,44,158,103,44,50,147,26,0,32,3,3,33,1870,16
4159,36,42,134,44,158,103,44,50,146,26,0,32,3,3,33,1870,16
4160,37,42,134,43,158,104,43,50,146,26,0,32,3,3,33,1870,16
4161,37,42,134,43,158,104,43,50,144,26,0,32,3,3,33,1870,16
4162,37,42,134,43,158,105,42,50,144,26,0,32,3,3,33,1870,16
4163,37,42,134,43,158,105,42,50,143,26,0,32,3,3,34,1880,16
4164,38,42,134,42,158,106,41,50,143,26,0,32,3,3,34,1880,16
4165,38,42,134,42,158,106,41,50,142,26,0,32,3,3,34,1880,16
4166,39,42,134,42,158,107,40,49,142,26,0,32,3,3,34,1880,16
4167,39,42,134,42,158,107,40,49,141,26,0,32,3,3,34,1880,16
4168,40,42,134,42,158,108,39,48,141,26,0,32,3,3,34,1880,16
4169,40,42,134,42,158,108,39,48,140,26,0,32,3,3,34,1880,16
4170,40,42,134,42,158,109,38,47,140,26,0,32,3,3,34,1880,16
4171,40,42,134,42,158,109,38,47,139,26,0,32,3,3,34,1880,16
4172,41,42,134,42,158,110,37,46,139,26,0,32,3,3,34,1880,16
4173,41,42,134,42,158,110,37,46,137,26,0,32,3,3,34,1880,16
4174,42,42,134,42,158,111,36,45,137,26,0,32,3,3,34,1880,16
4175,42,42,134,42,158,111,36,45,136,26,0,32,3,3,34,1880,16
4176,42,42,134,42,157,112,35,44,136,26,0,32,3,3,34,1880,16
4177,42,42,134,42,157,112,35,44,134,26,0,32,3,3,35,1890,16
4178,42,42,134,42,156,113,34,43,134,26,0,32,3,3,35,1890,16
4179,42,42,134,42,156,113,34,43,134,28,0,32,3,2,35,1890,16
4180,42,42,134,42,155,114,33,42,134,28,0,32,3,2,35,1890,16
4181,42,42,134,42,155,114,33,42,134,29,0,32,3,2,35,1890,16
4182,42,42,134,42,155,114,33,42,134,29,0,32,3,2,35,1890,16
4183,42,42,134,42,155,114,33,42,134,29,0,32,3,2,35,1890,16
4184,42,42,134,42,155,114,33,42,134,29,0,32,3,2,35,1890,16
4185,42,42,134,42,155,114,33,42,134,29,0,32,3,2,35,1890,16
4186,42,42,134,42,155,114,33,42,134,29,0,32,3,2,35,1890,16
4187,42,42,134,42,155,114,33,42,134,29,0,32,3,2,35,1890,16
4188,42,42,134,42,155,114,33,42,134,29,0,32,3,2,35,1890,16
4189,42,42,134,42,155,114,33,42,134,29,0,32,3,2,35,1890,16
4190,42,42,134,42,155,114,33,42,134,29,0,32,3,2,35,1890,16
4191,42,42,134,42,155,114,33,42,134,29,0,32,3,2,35,1890,16
4192,42,42,134,42,155,114,33,42,134,29,0,32,3,2,35,1890,16
4193,42,42,134,42,155,114,33,42,134,29,0,32,3,2,35,1890,16
4194,42,42,134,42,155,114,33,42,134,29,0,32,3,2,35,1890,16
4195,42,42,134,42,155,114,33,42,134,29,0,32,3,2,35,1890,16
4196,42,42,134,42,155,114,33,42,134,29,0,32,3,2,35,1890,16
4197,42,42,134,42,155,114,33,42,134,29,0,32,3,2,35,1890,16
4198,42,42,134,42,155,114,33,42,134,29,0,32,3,2,35,1890,16
4199,42,42,134,42,155,114,33,42,134,29,0,32,3,2,35,1890,16
4200,42,42,134,42,155,114,33,42,134,29,0,32,3,2,35,1890,16
4201,42,42,134,42,155,114,33,42,134,30,0,32,3,2,35,1890,16
4202,42,42,134,42,154,115,31,41,134,30,0,32,3,2,35,1890,16
4203,42,42,134,42,154,115,31,41,134,32,0,32,3,2,35,1890,16
4204,42,42,134,42,153,116,29,40,134,32,0,32,3,2,35,1890,16
4205,42,42,134,42,153,116,29,40,134,34,0,32,3,2,36,1890,16
4206,42,42,134,42,152,117,27,39,134,34,0,32,3,2,36,1890,16
4207,42,42,134,42,152,117,27,39,134,36,0,32,3,2,36,1890,16
4208,42,42,133,42,151,118,26,38,134,36,0,32,3,2,36,1890,16
4209,42,42,133,42,151,118,26,38,134,37,0,32,3,2,36,1890,16
4210,42,42,131,42,150,119,26,37,134,37,0,32,3,2,36,1890,16
4211,42,42,131,42,150,119,26,37,134,39,0,32,3,2,36,1890,16
4212,42,42,129,42,149,120,26,36,134,39,0,32,3,2,36,1890,16
4213,42,42,129,42,149,120,26,36,134,40,0,32,3,2,36,1890,16
4214,42,42,127,42,148,121,26,35,134,40,0,32,3,2,36,1890,16
4215,42,42,127,42,148,121,26,35,134,42,0,32,3,2,36,1890,16
4216,42,42,125,42,147,122,26,34,134,42,0,32,3,2,36,1890,16
4217,42,42,125,42,147,122,26,34,134,44,0,32,3,2,36,1890,16
4218,42,41,123,42,146,122,26,33,134,44,0,32,3,2,36,1890,16
4219,42,41,123,42,146,122,26,33,134,46,0,32,3,2,37,1900,16
4220,42,40,121,42,145,122,26,32,134,46,0,32,3,2,37,1900,16
4221,42,40,121,42,145,122,26,32,134,47,0,32,3,2,37,1900,16
4222,42,39,119,42,144,122,26,31,134,47,0,32,3,2,37,1900,16
4223,42,39,119,42,144,122,26,31,134,49,0,32,3,2,37,1900,16
4224,42,38,117,42,143,122,26,30,134,49,0,32,3,2,37,1900,16
4225,42,38,117,42,143,122,26,30,134,50,0,32,3,2,37,1900,16
4226,42,38,115,42,142,122,26,29,134,50,0,32,3,2,37,1900,16
4227,42,38,115,42,142,122,26,29,133,50,0,32,3,3,37,1900,16
4228,42,37,113,42,141,122,26,28,133,50,0,32,3,3,37,1900,16
4229,42,37,113,42,141,122,26,28,131,50,0,32,3,3,37,1900,16
4230,42,36,111,42,140,122,26,27,131,50,0,32,3,3,37,1900,16
4231,42,36,111,42,140,122,26,27,130,50,0,32,3,3,37,1900,16
4232,42,35,109,42,139,122,26,26,130,50,0,32,3,3,37,1900,16
4233,42,35,109,42,139,122,26,26,128,50,0,32,3,3,37,1900,16
4234,42,35,107,41,138,122,26,26,128,50,0,32,3,3,37,1900,16
4235,42,35,107,41,138,122,26,26,127,50,0,32,3,3,38,1910,16
4236,42,34,105,40,137,122,26,26,127,50,0,32,3,3,38,1910,16
4237,42,34,105,40,137,122,26,26,126,50,0,32,3,3,38,1910,16
4238,42,33,103,39,136,122,26,26,126,50,0,32,3,3,38,1910,16
4239,42,33,103,39,136,122,26,26,125,50,0,32,3,3,38,1910,16
4240,42,32,101,38,135,122,26,26,125,50,0,32,3,3,38,1910,16
4241,42,32,101,38,135,122,26,26,124,50,0,32,3,3,38,1910,16
4242,42,32,99,38,134,122,26,26,124,50,0,32,3,3,38,1910,16
4243,42,32,99,38,134,122,26,26,123,50,0,32,3,3,38,1910,16
4244,42,31,97,37,133,122,26,26,123,50,0,32,3,3,38,1910,16
4245,42,31,97,37,133,122,26,26,121,50,0,32,3,3,38,1910,16
4246,42,30,95,36,132,122,26,26,121,50,0,32,3,3,38,1910,16
4247,42,30,95,36,132,122,26,26,120,50,0,32,3,3,38,1910,16
4248,42,29,93,35,131,122,26,26,120,50,0,32,3,3,38,1910,16
4249,42,29,93,35,131,122,26,26,118,50,0,32,3,3,39,1920,16
4250,42,29,91,35,130,122,26,26,118,50,0,32,3,3,39,1920,16
4251,42,29,91,35,130,122,26,26,117,50,0,32,3,3,39,1920,16
4252,42,28,89,34,129,122,26,26,117,50,0,32,3,3,39,1920,16
4253,42,28,89,34,129,122,26,26,116,50,0,32,3,3,39,1920,16
4254,42,27,88,33,128,122,26,26,116,50,0,32,3,3,39,1920,16
4255,42,27,88,33,128,122,26,26,115,50,0,32,3,3,39,1920,16
4256,42,26,86,32,127,122,26,26,115,50,0,32,3,3,39,1920,16
4257,42,26,86,32,127,122,26,26,114,50,0,32,3,3,39,1920,16
4258,42,26,84,32,126,122,26,26,114,50,0,32,3,3,39,1920,16
4259,42,26,84,32,126,122,26,26,113,50,0,32,3,3,39,1920,16
4260,42,25,82,31,125,122,26,26,113,50,0,32,3,3,39,1920,16
4261,42,25,82,31,125,122,26,26,111,50,0,32,3,3,40,1930,16
4262,42,24,80,30,124,122,26,26,111,50,0,32,3,3,40,1930,16
4263,42,24,80,30,124,122,26,26,110,50,0,32,3,3,40,1930,16
4264,42,23,78,29,123,122,26,26,110,50,0,32,3,3,40,1930,16
4265,42,23,78,29,123,122,26,26,110,49,0,32,3,0,40,1930,16
4266,42,23,76,29,122,122,26,26,110,49,0,32,3,0,40,1930,16
4267,42,23,76,29,122,122,26,26,110,47,0,32,3,0,40,1930,16
4268,42,22,74,28,121,122,26,26,110,47,0,32,3,0,40,1930,16
4269,42,22,74,28,121,122,26,26,110,46,0,32,3,0,40,1930,16
4270,42,21,72,27,120,122,26,26,110,46,0,32,3,0,40,1930,16
4271,42,21,72,27,120,122,26,26,110,44,0,32,3,0,40,1930,16
4272,42,20,70,26,119,122,26,26,110,44,0,32,3,0,40,1930,16
4273,42,20,70,26,119,122,26,26,110,42,0,32,3,0,40,1930,16
4274,42,20,68,26,118,122,26,26,110,42,0,32,3,0,40,1930,16
4275,42,20,68,26,118,122,26,26,110,40,0,32,3,0,40,1930,16
4276,42,19,66,25,117,122,26,26,110,40,0,32,3,0,40,1930,16
4277,42,19,66,25,117,122,26,26,110,38,0,32,3,0,41,1940,16
4278,42,18,66,24,116,122,28,26,110,38,0,32,3,0,41,1940,16
4279,42,18,66,24,116,122,28,26,110,36,0,32,3,0,41,1940,16
4280,42,18,66,23,115,123,30,26,110,36,0,32,3,0,41,1940,16
4281,42,18,66,23,115,123,30,26,110,35,0,32,3,0,41,1940,16
4282,42,18,66,23,114,124,32,26,110,35,0,32,3,0,41,1940,16
4283,42,18,66,23,114,124,32,26,110,33,0,32,3,0,41,1940,16
4284,42,18,66,22,113,125,34,26,110,33,0,32,3,0,41,1940,16
4285,42,18,66,22,113,125,34,26,110,32,0,32,3,0,41,1940,16
4286,42,18,66,21,112,126,36,26,110,32,0,32,3,0,41,1940,16
4287,42,18,66,21,112,126,36,26,110,30,0,32,3,0,41,1940,16
4288,42,18,66,20,111,127,38,26,110,30,0,32,3,0,41,1940,16
4289,42,18,66,20,111,127,38,26,110,28,0,32,3,0,41,1940,16
4290,42,18,66,20,110,128,40,26,110,28,0,32,3,0,41,1940,16
4291,42,18,66,20,110,128,40,26,110,26,0,32,3,0,42,1950,16
4292,42,18,66,19,109,129,42,26,110,26,0,32,3,0,42,1950,16
4293,42,18,66,19,109,129,42,26,111,26,0,32,3,1,42,1950,16
4294,42,18,66,18,108,130,44,26,111,26,0,32,3,1,42,1950,16
4295,42,18,66,18,108,130,44,26,112,26,0,32,3,1,42,1950,16
4296,42,18,66,18,107,131,46,25,112,26,0,32,3,1,42,1950,16
4297,42,18,66,18,107,131,46,25,113,26,0,32,3,1,42,1950,16
4298,42,18,66,18,106,132,48,24,113,26,0,32,3,1,42,1950,16
4299,42,18,66,18,106,132,48,24,114,26,0,32,3,1,42,1950,16
4300,42,18,66,18,105,133,50,23,114,26,0,32,3,1,42,1950,16
4301,42,18,66,18,105,133,50,23,116,26,0,32,3,1,43,1960,16
4302,42,18,68,18,104,134,50,22,116,26,0,32,3,1,43,1960,16
4303,42,18,68,18,104,134,50,22,117,26,0,32,3,1,43,1960,16
4304,42,18,70,18,103,135,50,21,117,26,0,32,3,1,43,1960,16
4305,42,18,70,18,103,135,50,21,118,26,0,32,3,1,43,1960,16
4306,42,18,72,18,102,136,50,20,118,26,0,32,3,1,43,1960,16
4307,42,18,72,18,102,136,50,20,119,26,0,32,3,1,43,1960,16
4308,42,18,74,18,100,137,50,18,119,26,0,32,3,1,43,1960,16
4309,42,18,74,18,100,137,50,18,120,26,0,32,3,1,43,1960,16
4310,42,18,76,18,99,139,50,16,120,26,0,32,3,1,43,1960,16
4311,42,18,76,18,99,139,50,16,121,26,0,32,3,1,43,1960,16
4312,43,18,78,18,98,140,50,14,121,26,0,32,3,1,43,1960,16
4313,43,18,78,18,98,140,50,14,123,26,0,32,3,1,43,1960,16
4314,44,18,80,18,98,142,50,12,123,26,0,32,3,1,43,1960,16
4315,44,18,80,18,98,142,50,12,124,26,0,32,3,1,44,1970,16
4316,45,18,82,18,98,143,50,10,124,26,0,32,3,1,44,1970,16
4317,45,18,82,18,98,143,50,10,123,26,0,32,3,3,44,1970,16
4318,46,18,84,18,98,145,50,9,123,26,0,32,3,3,44,1970,16
4319,46,18,84,18,98,145,50,9,122,26,0,32,3,3,44,1970,16
4320,47,18,86,18,98,147,50,7,122,26,0,32,3,3,44,1970,16
4321,47,18,86,18,98,147,50,7,121,26,0,32,3,3,44,1970,16
4322,48,18,88,18,98,149,50,5,121,26,0,32,3,3,44,1970,16
4323,48,18,88,18,98,149,50,5,120,26,0,32,3,3,44,1970,16
4324,49,18,88,18,98,150,52,3,120,26,0,32,3,3,44,1970,16
4325,49,18,88,18,98,150,52,3,118,26,0,32,3,3,44,1970,16
4326,50,18,88,19,98,152,53,2,118,26,0,32,3,3,44,1970,16
4327,50,18,88,19,98,152,53,2,117,26,0,32,3,3,44,1970,16
4328,51,18,88,20,98,153,54,2,117,26,0,32,3,3,44,1970,16
4329,51,18,88,20,98,153,54,2,115,26,0,32,3,3,44,1970,16
4330,52,18,88,22,98,155,55,2,115,26,0,32,3,3,44,1970,16
4331,52,18,88,22,98,155,55,2,114,26,0,32,3,3,44,1970,16
4332,53,18,88,23,98,156,57,2,114,26,0,32,3,3,44,1970,16
4333,53,18,88,23,98,156,57,2,112,26,0,32,3,3,44,1970,16
4334,54,18,88,24,98,158,58,2,112,26,0,32,3,3,44,1970,16
4335,54,18,88,24,98,158,58,2,111,26,0,32,3,3,44,1970,16
4336,55,20,88,25,98,158,59,2,111,26,0,32,3,3,44,1970,16
4337,55,20,88,25,98,158,59,2,109,26,0,32,3,3,44,1970,16
4338,56,21,88,27,98,158,60,2,109,26,0,32,3,3,44,1970,16
4339,56,21,88,27,98,158,60,2,108,26,0,32,3,3,44,1970,16
4340,57,22,88,28,98,158,62,2,108,26,0,32,3,3,44,1970,16
4341,57,22,88,28,98,158,62,2,106,26,0,32,3,3,44,1970,16
4342,58,23,88,30,98,158,63,2,106,26,0,32,3,3,44,1970,16
4343,58,23,88,30,98,158,63,2,105,26,0,32,3,3,44,1970,16
4344,59,24,88,31,98,158,64,2,105,26,0,32,3,3,44,1970,16
4345,59,24,88,31,98,158,64,2,107,26,0,32,3,1,44,1970,16
4346,60,25,88,33,98,158,65,2,107,26,0,32,3,1,44,1970,16
4347,60,25,88,33,98,158,65,2,108,26,0,32,3,1,44,1970,16
4348,61,26,87,34,98,158,66,2,108,26,0,32,3,1,44,1970,16
4349,61,26,87,34,98,158,66,2,110,26,0,32,3,1,44,1970,16
4350,62,26,86,35,98,158,66,2,110,26,0,32,3,1,44,1970,16
4351,62,26,86,35,98,158,66,2,111,26,0,32,3,1,44,1970,16
4352,63,28,85,36,98,158,66,2,111,26,0,32,3,1,44,1970,16
4353,63,28,85,36,98,158,66,2,113,26,0,32,3,1,44,1970,16
4354,64,29,84,38,98,158,66,2,113,26,0,32,3,1,44,1970,16
4355,64,29,84,38,98,158,66,2,114,26,0,32,3,1,44,1970,16
4356,65,30,82,39,98,158,66,2,114,26,0,32,3,1,44,1970,16
4357,65,30,82,39,98,158,66,2,116,26,0,32,3,1,44,1970,16
4358,66,31,82,41,98,158,67,2,116,26,0,32,3,1,44,1970,16
4359,66,31,82,41,98,158,67,2,117,26,0,32,3,1,44,1970,16
4360,67,32,82,42,98,158,68,2,117,26,0,32,3,1,44,1970,16
4361,67,32,82,42,98,158,68,2,118,25,0,32,3,0,44,1970,16
4362,68,33,82,42,98,158,69,4,118,25,0,32,3,0,44,1970,16
4363,68,33,82,42,98,158,69,4,118,23,0,32,3,0,44,1970,16
4364,69,34,82,42,98,158,71,6,118,23,0,32,3,0,44,1970,16
4365,69,34,82,42,98,158,71,6,118,21,0,32,3,0,44,1970,16
4366,70,35,82,42,98,158,72,7,118,21,0,32,3,0,44,1970,16
4367,70,35,82,42,98,158,72,7,118,19,0,32,3,0,44,1970,16
4368,71,37,82,42,98,158,73,9,118,19,0,32,3,0,44,1970,16
4369,71,37,82,42,98,158,73,9,118,17,0,32,3,0,44,1970,16
4370,72,38,82,42,98,158,74,11,118,17,0,32,3,0,44,1970,16
4371,72,38,82,42,98,158,74,11,118,15,0,32,3,0,44,1970,16
4372,73,39,82,42,98,158,76,13,118,15,0,32,3,0,44,1970,16
4373,73,39,82,42,98,158,76,13,118,13,0,32,3,0,45,1980,16
4374,74,40,82,42,98,158,77,15,118,13,0,32,3,0,45,1980,16
4375,74,40,82,42,98,158,77,15,118,11,0,32,3,0,45,1980,16
4376,75,41,82,42,98,158,78,17,118,11,0,32,3,0,45,1980,16
4377,75,41,82,42,98,158,78,17,118,10,0,32,3,0,45,1980,16
4378,76,42,82,42,98,158,79,19,118,10,0,32,3,0,45,1980,16
4379,76,42,82,42,98,158,79,19,118,8,0,32,3,0,45,1980,16
4380,77,43,83,42,98,158,80,21,118,8,0,32,3,0,45,1980,16
4381,77,43,83,42,98,158,80,21,118,7,0,32,3,0,45,1980,16
4382,78,44,84,42,98,158,80,22,118,7,0,32,3,0,45,1980,16
4383,78,44,84,42,98,158,80,22,118,5,0,32,3,0,45,1980,16
4384,79,46,85,42,98,158,80,24,118,5,0,32,3,0,45,1980,16
4385,79,46,85,42,98,158,80,24,118,3,0,32,3,0,45,1980,16
4386,80,47,86,42,98,158,80,26,118,3,0,32,3,0,45,1980,16
4387,80,47,86,42,98,158,80,26,117,2,0,32,3,3,46,1980,16
4388,81,48,88,43,98,158,80,26,117,2,0,32,3,3,46,1980,16
4389,81,48,88,43,98,158,80,26,116,2,0,32,3,3,46,1980,16
4390,82,49,89,45,98,158,80,26,116,2,0,32,3,3,46,1980,16
4391,82,49,89,45,98,158,80,26,115,2,0,32,3,3,46,1980,16
4392,83,50,90,46,98,158,80,26,115,2,0,32,3,3,46,1980,16
4393,83,50,90,46,98,158,80,26,114,2,0,32,3,3,46,1980,16
4394,84,51,91,48,98,158,80,26,114,2,0,32,3,3,46,1980,16
4395,84,51,91,48,98,158,80,26,113,2,0,32,3,3,46,1980,16
4396,85,52,93,49,98,158,80,26,113,2,0,32,3,3,46,1980,16
4397,85,52,93,49,98,158,80,26,111,2,0,32,3,3,47,1990,16
4398,86,53,94,50,98,158,80,26,111,2,0,32,3,3,47,1990,16
4399,86,53,94,50,98,158,80,26,110,2,0,32,3,3,47,1990,16
4400,87,55,94,51,98,158,79,26,110,2,0,32,3,3,47,1990,16
4401,87,55,94,51,98,158,79,26,109,2,0,32,3,3,47,1990,16
4402,88,56,94,53,98,158,78,26,109,2,0,32,3,3,47,1990,16
4403,88,56,94,53,98,158,78,26,108,2,0,32,3,3,47,1990,16
4404,89,57,94,54,98,158,76,26,108,2,0,32,3,3,47,1990,16
4405,89,57,94,54,98,158,76,26,107,2,0,32,3,3,47,1990,16
4406,90,58,94,56,98,158,75,26,107,2,0,32,3,3,47,1990,16
4407,90,58,94,56,98,158,75,26,106,2,0,32,3,3,47,1990,16
4408,91,59,94,57,98,158,74,26,106,2,0,32,3,3,47,1990,16
4409,91,59,94,57,98,158,74,26,104,2,0,32,3,3,47,1990,16
4410,92,60,94,59,98,158,73,26,104,2,0,32,3,3,47,1990,16
4411,92,60,94,59,98,158,73,26,103,2,0,32,3,3,48,2000,16
4412,93,61,94,60,98,158,71,26,103,2,0,32,3,3,48,2000,16
4413,93,61,94,60,98,158,71,26,102,2,0,32,3,3,48,2000,16
4414,94,62,94,61,98,158,70,26,102,2,0,32,3,3,48,2000,16
4415,94,62,94,61,98,158,70,26,101,2,0,32,3,3,48,2000,16
4416,95,64,94,62,98,158,69,26,101,2,0,32,3,3,48,2000,16
4417,95,64,94,62,98,158,69,26,100,2,0,32,3,3,48,2000,16
4418,96,65,94,64,98,158,68,26,100,2,0,32,3,3,48,2000,16
4419,96,65,94,64,98,158,68,26,99,2,0,32,3,3,48,2000,16
4420,97,66,94,65,98,158,66,26,99,2,0,32,3,3,48,2000,16
4421,97,66,94,65,98,158,66,26,97,2,0,32,3,3,48,2000,16
4422,98,66,93,67,98,158,66,26,97,2,0,32,3,3,48,2000,16
4423,98,66,93,67,98,158,66,26,96,2,0,32,3,3,48,2000,16
4424,99,67,92,68,98,158,66,26,96,2,0,32,3,3,48,2000,16
4425,99,67,92,68,98,158,66,26,94,2,0,32,3,3,49,2010,16
4426,100,68,91,70,98,158,66,26,94,2,0,32,3,3,49,2010,16
4427,100,68,91,70,98,158,66,26,93,2,0,32,3,3,49,2010,16
4428,101,69,89,71,98,158,66,26,93,2,0,32,3,3,49,2010,16
4429,101,69,89,71,98,158,66,26,92,2,0,32,3,3,49,2010,16
4430,102,70,88,72,98,158,66,26,92,2,0,32,3,3,49,2010,16
4431,102,70,88,72,98,158,66,26,91,2,0,32,3,3,49,2010,16
4432,103,72,87,73,98,158,66,26,91,2,0,32,3,3,49,2010,16
4433,103,72,87,73,98,158,66,26,90,2,0,32,3,3,49,2010,16
4434,104,73,85,75,98,158,66,26,90,2,0,32,3,3,49,2010,16
4435,104,73,85,75,98,158,66,26,89,2,0,32,3,3,49,2010,16
4436,105,74,83,76,98,158,66,26,89,2,0,32,3,3,49,2010,16
4437,105,74,83,76,98,158,66,26,87,2,0,32,3,3,49,2010,16
4438,106,74,82,78,98,156,67,26,87,2,0,32,3,3,49,2010,16
4439,106,74,82,78,98,156,67,26,86,2,0,32,3,3,49,2010,16
4440,107,74,82,79,98,155,68,26,86,2,0,32,3,3,49,2010,16
4441,107,74,82,79,98,155,68,26,84,2,0,32,3,3,49,2010,16
4442,108,74,82,81,98,153,70,26,84,2,0,32,3,3,49,2010,16
4443,108,74,82,81,98,153,70,26,83,2,0,32,3,3,50,2020,16
4444,109,74,82,82,98,152,72,26,83,2,0,32,3,3,50,2020,16
4445,109,74,82,82,98,152,72,26,82,2,163,49,3,3,50,2020,16
4446,110,74,82,83,98,150,74,26,82,2,163,49,3,3,50,2020,16
4447,110,74,82,83,98,150,74,26,81,2,163,49,3,3,50,2020,16
4448,110,74,82,84,96,148,75,26,81,2,163,49,3,3,50,2020,16
4449,110,74,82,84,96,148,75,26,80,2,162,49,3,3,50,2020,16
4450,110,74,82,86,95,146,77,26,80,2,162,49,3,3,50,2020,16
4451,110,74,82,86,95,146,77,26,79,2,162,49,3,3,50,2020,16
4452,110,74,82,87,93,145,79,26,79,2,162,49,3,3,50,2020,16
4453,110,74,82,87,93,145,79,26,77,2,161,49,3,3,50,2020,16
4454,110,74,83,89,92,143,80,26,77,2,161,49,3,3,50,2020,16
4455,110,74,83,89,92,143,80,26,76,2,161,49,3,3,50,2020,16
4456,110,74,84,90,90,142,80,26,76,2,161,49,3,3,50,2020,16
4457,110,74,84,90,90,142,80,26,74,2,160,49,3,3,51,2030,16
4458,110,74,86,92,89,140,80,26,74,2,160,49,3,3,51,2030,16
4459,110,74,86,92,89,140,80,26,73,2,160,49,3,3,51,2030,16
4460,110,74,88,93,87,139,80,26,73,2,160,49,3,3,51,2030,16
4461,110,74,88,93,87,139,80,26,72,2,159,49,3,3,51,2030,16
4462,110,74,90,94,86,137,80,26,72,2,159,49,3,3,51,2030,16
4463,110,74,90,94,86,137,80,26,71,2,159,49,3,3,51,2030,16
4464,110,74,91,95,84,135,80,26,71,2,159,49,3,3,51,2030,16
4465,110,74,91,95,84,135,80,26,70,2,158,48,3,3,51,2030,16
4466,110,74,93,97,83,133,80,26,70,2,158,48,3,3,51,2030,16
4467,110,74,93,97,83,133,80,26,69,2,158,48,3,3,51,2030,16
4468,110,74,94,98,81,132,79,26,69,2,158,48,3,3,51,2030,16
4469,110,74,94,98,81,132,79,26,67,2,157,47,3,3,52,2040,16
4470,110,74,94,100,80,130,77,26,67,2,157,47,3,3,52,2040,16
4471,110,74,94,100,80,130,77,26,66,2,157,47,3,3,52,2040,16
4472,110,74,94,101,78,129,76,26,66,2,157,47,3,3,52,2040,16
4473,110,74,94,101,78,129,76,26,65,2,156,47,3,3,52,2040,16
4474,110,74,94,103,77,127,74,26,65,2,156,47,3,3,52,2040,16
4475,110,74,94,103,77,127,74,26,64,2,156,47,3,3,52,2040,16
4476,110,74,94,104,75,126,72,26,64,2,156,47,3,3,52,2040,16
4477,110,74,94,104,75,126,72,26,63,2,155,48,3,3,52,2040,16
4478,110,74,94,105,74,124,70,26,63,2,155,48,3,3,52,2040,16
4479,110,74,94,105,74,124,70,26,62,2,155,48,3,3,52,2040,16
4480,110,74,94,106,72,122,69,26,62,2,155,48,3,3,52,2040,16
4481,110,74,94,106,72,122,69,26,60,2,154,49,3,3,52,2040,16
4482,110,74,94,108,71,120,67,26,60,2,154,49,3,3,52,2040,16
4483,110,74,94,108,71,120,67,26,59,2,154,49,3,3,53,2050,16
4484,110,74,93,109,69,119,66,26,59,2,154,49,3,3,53,2050,16
4485,110,74,93,109,69,119,66,26,58,2,153,51,3,3,53,2050,16
4486,110,74,91,110,68,117,66,27,58,2,153,51,3,3,53,2050,16
4487,110,74,91,110,68,117,66,27,58,4,153,51,3,2,53,2050,16
4488,110,74,90,110,66,116,66,29,58,4,153,51,3,2,53,2050,16
4489,110,74,90,110,66,116,66,29,58,5,152,51,3,2,53,2050,16
4490,110,74,88,110,65,114,66,31,58,5,152,51,3,2,53,2050,16
4491,110,74,88,110,65,114,66,31,58,7,152,51,3,2,53,2050,16
4492,110,74,88,110,63,113,64,33,58,7,152,51,3,2,53,2050,16
4493,110,74,88,110,63,113,64,33,58,9,151,49,3,2,53,2050,16
4494,110,74,88,110,62,111,62,34,58,9,151,49,3,2,53,2050,16
4495,110,74,88,110,62,111,62,34,58,11,151,49,3,2,54,2060,16
4496,110,74,88,110,62,109,61,36,58,11,151,49,3,2,54,2060,16
4497,110,74,88,110,62,109,61,36,58,12,151,46,3,2,54,2060,16
4498,110,74,88,110,61,107,59,38,58,12,151,46,3,2,54,2060,16
4499,110,74,88,110,61,107,59,38,58,14,151,46,3,2,54,2060,16
4500,110,74,88,110,59,106,57,40,58,14,151,46,3,2,54,2060,16
4501,110,74,88,110,59,106,57,40,58,15,151,42,3,2,54,2060,16
4502,110,74,88,110,58,104,55,42,58,15,151,42,3,2,54,2060,16
4503,110,74,88,110,58,104,55,42,58,17,151,42,3,2,54,2060,16
4504,110,74,88,110,56,103,54,44,58,17,151,42,3,2,54,2060,16
4505,110,74,88,110,56,103,54,44,58,19,151,41,3,2,54,2060,16
4506,110,74,88,110,55,101,52,46,58,19,151,41,3,255,54,2060,16
4507,110,74,88,110,55,101,52,46,58,21,151,41,3,2,54,2060,16
4508,110,74,88,110,53,100,50,48,58,21,151,41,3,255,54,2060,16
4509,110,74,88,110,53,100,50,48,58,23,151,41,3,2,55,2070,16
4510,110,74,87,110,52,98,50,49,58,23,151,41,3,255,55,2070,16
4511,110,74,87,110,52,98,50,49,58,25,151,41,3,2,55,2070,16
4512,110,74,86,109,50,98,50,50,58,25,151,41,3,255,55,2070,16
4513,110,74,86,109,50,98,50,50,58,26,151,42,3,2,55,2070,16
4514,110,73,85,107,50,98,50,50,58,26,151,42,3,2,55,2070,16
4515,110,73,85,107,50,98,50,50,57,26,151,42,3,3,55,2070,16
4516,109,72,83,106,50,98,50,50,57,26,151,42,3,3,55,2070,16
4517,109,72,83,106,50,98,50,50,56,26,151,42,3,3,55,2070,16
4518,108,71,82,104,50,98,50,50,56,26,151,42,3,3,55,2070,16
4519,108,71,82,104,50,98,50,50,55,26,151,42,3,3,55,2070,16
4520,107,70,81,103,50,98,50,50,55,26,151,42,3,3,55,2070,16
4521,107,70,81,103,50,98,50,50,53,26,151,41,3,3,55,2070,16
4522,106,69,80,101,50,98,50,50,53,26,151,41,3,255,55,2070,16
4523,106,69,80,101,50,98,50,50,52,26,151,41,3,3,55,2070,16
4524,105,68,78,100,50,98,50,50,52,26,151,41,3,255,55,2070,16
4525,105,68,78,100,50,98,50,50,50,26,151,37,3,3,56,2070,16
4526,104,67,77,99,50,98,50,50,50,26,151,37,3,255,56,2070,16
4527,104,67,77,99,50,98,50,50,49,26,151,37,3,3,56,2070,16
4528,103,66,76,98,50,97,50,50,49,26,151,37,3,255,56,2070,16
4529,103,66,76,98,50,97,50,50,48,26,151,34,3,3,56,2070,16
4530,102,66,75,96,50,95,50,50,48,26,151,34,3,255,56,2070,16
4531,102,66,75,96,50,95,50,50,47,26,151,34,3,3,56,2070,16
4532,102,66,73,95,50,94,50,50,47,26,151,34,3,255,56,2070,16
4533,102,66,73,95,50,94,50,50,46,26,151,30,3,3,56,2070,16
4534,101,66,72,93,50,92,50,50,46,26,151,30,3,255,56,2070,16
4535,101,66,72,93,50,92,50,50,45,26,151,30,3,3,56,2070,16
4536,100,66,71,92,50,91,50,50,45,26,151,30,3,255,56,2070,16
4537,100,66,71,92,50,91,50,50,43,26,151,29,3,3,57,2080,16
4538,99,66,70,90,50,89,50,50,43,26,151,29,3,255,57,2080,16
4539,99,66,70,90,50,89,50,50,42,26,151,29,3,3,57,2080,16
4540,98,66,68,89,50,88,50,50,42,26,151,29,3,255,57,2080,16
4541,98,66,68,89,50,88,50,50,41,26,151,29,3,3,57,2080,16
4542,97,66,67,88,50,86,50,50,41,26,151,29,3,255,57,2080,16
4543,97,66,67,88,50,86,50,50,40,26,151,29,3,3,57,2080,16
4544,96,66,66,87,50,86,50,50,40,26,151,29,3,255,57,2080,16
4545,96,66,66,87,50,86,50,50,39,26,151,30,3,3,57,2080,16
4546,95,66,65,85,50,86,50,50,39,26,151,30,3,255,57,2080,16
4547,95,66,65,85,50,86,50,50,38,26,151,30,3,3,57,2080,16
4548,94,66,63,84,50,85,50,50,38,26,151,30,3,255,57,2080,16
4549,94,66,63,84,50,85,50,50,36,26,151,30,3,3,57,2080,16
4550,93,66,62,82,50,83,50,50,36,26,151,30,3,255,57,2080,16
4551,93,66,62,82,50,83,50,50,35,26,151,30,3,3,58,2090,16
4552,92,66,61,81,50,82,50,50,35,26,151,30,3,255,58,2090,16
4553,92,66,61,81,50,82,50,50,34,26,151,29,3,3,58,2090,16
4554,91,66,60,79,50,80,50,50,34,26,151,29,3,255,58,2090,16
4555,91,66,60,79,50,80,50,50,33,26,151,29,3,3,58,2090,16
4556,90,66,58,78,50,79,50,50,33,26,151,29,3,255,58,2090,16
4557,90,66,58,78,50,79,50,50,32,26,151,25,3,3,58,2090,16
4558,89,66,57,77,50,77,50,50,32,26,151,25,3,255,58,2090,16
4559,89,66,57,77,50,77,50,50,31,26,151,25,3,3,58,2090,16
4560,88,66,56,76,50,75,50,50,31,26,151,25,3,255,58,2090,16
4561,88,66,56,76,50,75,50,50,29,26,150,24,3,3,58,2090,16
4562,88,65,55,74,50,74,50,50,29,26,150,24,3,255,58,2090,16
4563,88,65,55,74,50,74,50,50,28,26,150,24,3,3,58,2090,16
4564,88,64,53,73,50,74,50,50,28,26,150,24,3,255,58,2090,16
4565,88,64,53,73,50,74,50,50,26,26,149,23,3,3,59,2100,16
4566,87,63,52,71,50,74,50,50,26,26,149,23,3,255,59,2100,16
4567,87,63,52,71,50,74,50,50,25,26,149,23,3,3,59,2100,16
4568,86,62,51,70,50,74,50,50,25,26,149,23,3,255,59,2100,16
4569,86,62,51,70,50,74,50,50,24,26,148,23,3,3,59,2100,16
4570,85,61,50,68,50,74,50,50,24,26,148,23,3,255,59,2100,16
4571,85,61,50,68,50,74,50,50,23,26,148,23,3,3,59,2100,16
4572,84,60,48,67,50,74,50,50,23,26,148,23,3,255,59,2100,16
4573,84,60,48,67,50,74,50,50,22,26,147,24,3,3,59,2100,16
4574,83,59,47,66,50,74,50,50,22,26,147,24,3,255,59,2100,16
4575,83,59,47,66,50,74,50,50,21,26,147,24,3,3,59,2100,16
4576,82,58,46,65,50,74,50,50,21,26,147,24,3,255,59,2100,16
4577,82,58,46,65,50,74,50,50,19,26,146,25,3,3,60,2110,16
4578,82,57,45,63,50,74,50,50,19,26,146,25,3,255,60,2110,16
4579,82,57,45,63,50,74,50,50,18,26,146,25,3,3,60,2110,16
4580,81,56,43,62,50,74,50,50,18,26,146,25,3,255,60,2110,16
4581,81,56,43,62,50,74,50,50,18,25,145,27,3,0,60,2110,16
4582,80,55,42,60,50,74,50,50,18,25,145,27,3,255,60,2110,16
4583,80,55,42,60,50,74,50,50,18,23,145,27,3,0,60,2110,16
4584,79,54,42,59,50,74,49,50,18,23,145,27,3,255,60,2110,16
4585,79,54,42,59,50,74,49,50,18,22,144,27,3,0,60,2110,16
4586,78,53,42,57,50,74,47,50,18,22,144,27,3,255,60,2110,16
4587,78,53,42,57,50,74,47,50,18,20,144,27,3,0,60,2110,16
4588,77,52,42,56,50,74,45,50,18,20,144,27,3,255,60,2110,16
4589,77,52,42,56,50,74,45,50,18,18,143,25,3,0,60,2110,16
4590,76,51,42,55,50,74,43,50,18,18,143,25,3,255,60,2110,16
4591,76,51,42,55,50,74,43,50,18,16,143,25,3,0,60,2110,16
4592,75,49,42,54,50,74,42,50,18,16,143,25,3,255,60,2110,16
4593,75,49,42,54,50,74,42,50,18,14,142,24,3,0,60,2110,16
4594,74,48,42,52,50,74,40,50,18,14,142,24,3,255,60,2110,16
4595,74,48,42,52,50,74,40,50,18,12,142,24,3,0,61,2160,16
4596,75,49,42,53,50,74,41,50,18,12,142,24,3,255,61,2160,16
4597,75,49,42,53,50,74,41,50,18,10,141,23,3,0,61,2160,16
4598,76,50,42,54,50,74,42,50,18,10,141,23,3,255,61,2160,16
4599,76,50,42,54,50,74,42,50,18,8,141,23,3,0,61,2160,16
4600,77,51,42,55,50,74,43,50,18,8,141,23,3,255,61,2160,16
4601,77,51,42,55,50,74,43,50,18,6,140,23,3,0,61,2160,16
4602,77,51,42,55,50,74,44,50,18,6,140,23,3,255,61,2160,16
4603,77,51,42,55,50,74,44,50,18,4,140,23,3,0,61,2160,16
4604,78,52,42,56,50,74,45,50,18,4,140,23,3,0,61,2160,16
4605,78,52,42,56,50,74,45,50,18,2,139,24,3,0,62,2160,16
4606,79,53,42,57,50,74,46,50,18,2,139,24,3,0,62,2160,16
4607,79,53,42,57,50,74,46,50,18,2,139,24,3,0,62,2160,16
4608,80,54,42,58,50,74,47,50,18,2,139,24,3,0,62,2160,16
4609,80,54,42,58,50,74,47,50,19,2,138,25,3,1,62,2160,16
4610,80,54,42,58,50,74,48,50,19,2,138,25,3,1,62,2160,16
4611,80,54,42,58,50,74,48,50,20,2,138,25,3,1,62,2160,16
4612,81,55,42,59,50,74,49,50,20,2,138,25,3,1,62,2160,16
4613,81,55,42,59,50,74,49,50,21,2,137,27,3,1,62,2160,16
4614,82,56,42,60,50,74,50,50,21,2,137,27,3,1,62,2160,16
4615,82,56,42,60,50,74,50,50,22,2,137,27,3,1,62,2160,16
4616,82,57,43,61,50,74,50,50,22,2,137,27,3,1,62,2160,16
4617,82,57,43,61,50,74,50,50,24,2,136,27,3,1,63,2170,16
4618,82,57,43,61,50,74,50,50,24,2,136,27,3,1,63,2170,16
4619,82,57,43,61,50,74,50,50,25,2,136,27,3,1,63,2170,16
4620,83,58,44,62,50,74,50,50,25,2,136,27,3,1,63,2170,16
4621,83,58,44,62,50,74,50,50,26,2,135,25,3,1,63,2170,16
4622,84,59,45,63,50,74,50,50,26,2,135,25,3,1,63,2170,16
4623,84,59,45,63,50,74,50,50,27,2,135,25,3,1,63,2170,16
4624,85,60,46,64,50,74,50,50,27,2,135,25,3,1,63,2170,16
4625,85,60,46,64,50,74,50,50,28,2,134,24,3,1,63,2170,16
4626,85,60,46,64,50,74,50,50,28,2,134,24,3,1,63,2170,16
4627,85,60,46,64,50,74,50,50,29,2,134,24,3,1,63,2170,16
4628,86,61,47,65,50,74,50,50,29,2,134,24,3,1,63,2170,16
4629,86,61,47,65,50,74,50,50,31,2,133,23,3,1,63,2170,16
4630,87,62,48,66,50,74,50,50,31,2,133,23,3,1,63,2170,16
4631,87,62,48,66,50,74,50,50,32,2,133,23,3,1,64,2180,16
4632,88,63,49,67,50,74,50,50,32,2,133,23,3,1,64,2180,16
4633,88,63,49,67,50,74,50,50,33,2,132,23,3,1,64,2180,16
4634,88,63,49,67,50,74,50,50,33,2,132,23,3,1,64,2180,16
4635,88,63,49,67,50,74,50,50,34,2,132,23,3,1,64,2180,16
4636,89,64,50,68,50,74,50,50,34,2,132,23,3,1,64,2180,16
4637,89,64,50,68,50,74,50,50,35,2,131,24,3,1,64,2180,16
4638,90,65,51,69,50,74,50,50,35,2,131,24,3,1,64,2180,16
4639,90,65,51,69,50,74,50,50,36,2,131,24,3,1,64,2180,16
4640,91,66,52,70,50,74,50,50,36,2,131,24,3,1,64,2180,16
4641,91,66,52,70,50,74,50,50,38,2,130,25,3,1,64,2180,16
4642,91,66,52,70,50,74,50,50,38,2,130,25,3,1,64,2180,16
4643,91,66,52,70,50,74,50,50,39,2,130,25,3,1,64,2180,16
4644,92,66,53,71,50,73,50,50,39,2,130,25,3,1,64,2180,16
4645,92,66,53,71,50,73,50,50,41,2,129,27,3,1,65,2190,16
4646,93,66,54,72,50,72,50,50,41,2,129,27,3,1,65,2190,16
4647,93,66,54,72,50,72,50,50,42,2,129,27,3,1,65,2190,16
4648,94,66,55,73,50,71,50,50,42,2,129,27,3,1,65,2190,16
4649,94,66,55,73,50,71,50,50,42,3,128,27,3,2,65,2190,16
4650,94,66,55,73,50,70,50,50,42,3,128,27,3,2,65,2190,16
4651,94,66,55,73,50,70,50,50,42,5,128,27,3,2,65,2190,16
4652,95,66,56,74,50,69,50,50,42,5,128,27,3,2,65,2190,16
4653,95,66,56,74,50,69,50,50,42,6,127,25,3,2,65,2190,16
4654,96,66,57,75,50,68,50,50,42,6,127,25,3,255,65,2190,16
4655,96,66,57,75,50,68,50,50,42,8,127,25,3,2,65,2190,16
4656,97,66,58,76,50,67,50,50,42,8,127,25,3,255,65,2190,16
4657,97,66,58,76,50,67,50,50,42,10,126,24,3,2,66,2200,16
4658,97,66,58,76,50,66,50,50,42,10,126,24,3,255,66,2200,16
4659,97,66,58,76,50,66,50,50,42,12,126,24,3,2,66,2200,16
4660,98,66,59,77,50,65,50,50,42,12,126,24,3,255,66,2200,16
4661,98,66,59,77,50,65,50,50,42,13,125,23,3,2,66,2200,16
4662,99,66,60,78,50,64,50,50,42,13,125,23,3,255,66,2200,16
4663,99,66,60,78,50,64,50,50,42,15,125,23,3,2,66,2200,16
4664,100,66,61,79,50,63,50,50,42,15,125,23,3,255,66,2200,16
4665,100,66,61,79,50,63,50,50,42,16,124,23,3,2,66,2200,16
4666,100,66,61,79,50,62,50,50,42,16,124,23,3,255,66,2200,16
4667,100,66,61,79,50,62,50,50,42,18,124,23,3,2,66,2200,16
4668,101,66,62,80,50,61,50,50,42,18,124,23,3,255,66,2200,16
4669,101,66,62,80,50,61,50,50,42,20,123,24,3,2,66,2200,16
4670,102,66,63,81,50,60,50,50,42,20,123,24,3,255,66,2200,16
4671,102,66,63,81,50,60,50,50,42,22,123,24,3,2,66,2200,16
4672,103,66,64,82,50,59,50,50,42,22,123,24,3,255,66,2200,16
4673,103,66,64,82,50,59,50,50,42,24,122,25,3,2,66,2200,16
4674,103,66,64,82,50,58,50,50,42,24,122,25,3,255,66,2200,16
4675,103,66,64,82,50,58,50,50,42,26,122,25,3,2,66,2200,16
4676,104,66,65,83,50,57,50,50,42,26,122,25,3,255,66,2200,16
4677,104,66,65,83,50,57,50,50,42,28,121,27,3,2,66,2200,16
4678,105,66,66,84,50,56,50,50,42,28,121,27,3,255,66,2200,16
4679,105,66,66,84,50,56,50,50,42,30,121,27,3,2,66,2200,16
4680,106,66,67,85,50,55,50,50,42,30,121,27,3,255,66,2200,16
4681,106,66,67,85,50,55,50,50,42,32,120,27,3,2,66,2200,16
4682,106,66,67,85,50,54,50,50,42,32,120,27,3,255,66,2200,16
4683,106,66,67,85,50,54,50,50,42,34,120,27,3,2,67,2210,16
4684,107,66,68,86,50,53,50,50,42,34,120,27,3,255,67,2210,16
4685,107,66,68,86,50,53,50,50,42,35,119,25,3,2,67,2210,16
4686,108,66,69,87,50,52,50,50,42,35,119,25,3,255,67,2210,16
4687,108,66,69,87,50,52,50,50,42,37,119,25,3,2,67,2210,16
4688,109,66,70,88,50,51,50,50,42,37,119,25,3,255,67,2210,16
4689,109,66,70,88,50,51,50,50,42,38,118,24,3,2,67,2210,16
4690,109,66,70,88,50,50,50,50,42,38,118,24,3,255,67,2210,16
4691,109,66,70,88,50,50,50,50,42,40,118,24,3,2,67,2210,16
4692,110,66,71,89,50,50,50,50,42,40,118,24,3,255,67,2210,16
4693,110,66,71,89,50,50,50,50,42,42,117,23,3,2,67,2210,16
4694,110,65,72,90,50,50,50,50,42,42,117,23,3,2,67,2210,16
4695,110,65,72,90,50,50,50,50,42,44,117,23,3,2,67,2210,16
4696,110,64,73,91,49,50,50,50,42,44,117,23,3,2,67,2210,16
4697,110,64,73,91,49,50,50,50,42,46,116,23,3,2,68,2220,16
4698,110,64,73,91,48,50,50,50,42,46,116,23,3,2,68,2220,16
4699,110,64,73,91,48,50,50,50,42,48,116,23,3,2,68,2220,16
4700,110,63,74,92,47,50,50,50,42,48,116,23,3,2,68,2220,16
4701,110,63,74,92,47,50,50,50,42,49,115,24,3,2,68,2220,16
4702,110,62,75,93,46,50,50,50,42,49,115,24,3,2,68,2220,16
4703,110,62,75,93,46,50,50,50,43,50,115,24,3,1,68,2220,16
4704,110,61,76,94,45,50,50,50,43,50,115,24,3,1,68,2220,16
4705,110,61,76,94,45,50,50,50,44,50,114,25,3,1,68,2220,16
4706,110,61,76,94,44,50,50,50,44,50,114,25,3,1,68,2220,16
4707,110,61,76,94,44,50,50,50,45,50,114,25,3,1,68,2220,16
4708,110,60,77,95,43,50,50,50,45,50,114,25,3,1,68,2220,16
4709,110,60,77,95,43,50,50,50,47,50,113,27,3,1,68,2220,16
4710,110,59,78,96,42,50,50,50,47,50,113,27,3,1,68,2220,16
4711,110,59,78,96,42,50,50,50,48,50,113,27,3,1,69,2230,16
4712,110,58,79,97,41,50,50,50,48,50,113,27,3,1,69,2230,16
4713,110,58,79,97,41,50,50,50,49,50,112,27,3,1,69,2230,16
4714,110,58,79,97,40,50,50,50,49,50,112,27,3,1,69,2230,16
4715,110,58,79,97,40,50,50,50,50,50,112,27,3,1,69,2230,16
4716,110,57,80,98,39,50,50,50,50,50,112,27,3,1,69,2230,16
4717,110,57,80,98,39,50,50,50,51,50,111,25,3,1,69,2230,16
4718,110,56,81,99,38,50,50,50,51,50,111,25,3,1,69,2230,16
4719,110,56,81,99,38,50,50,50,52,50,111,25,3,1,69,2230,16
4720,110,56,81,99,38,50,50,50,52,50,111,25,3,1,69,2230,16
4721,110,56,81,99,38,50,50,50,52,50,111,25,3,1,69,2230,16
4722,110,56,81,99,38,50,50,50,52,50,111,25,3,1,69,2230,16
4723,110,56,81,99,38,50,50,50,52,50,111,25,3,1,69,2230,16
4724,110,56,81,99,38,50,50,50,52,50,111,25,3,1,69,2230,16
4725,110,56,81,99,38,50,50,50,52,50,111,25,3,1,69,2230,16
4726,110,56,81,99,38,50,50,50,52,50,111,25,3,1,69,2230,16
4727,110,56,81,99,38,50,50,50,52,50,111,25,3,1,69,2230,16
4728,110,56,81,99,38,50,50,50,52,50,111,25,3,1,69,2230,16
4729,110,56,81,99,38,50,50,50,52,50,111,25,3,1,69,2230,16
4730,110,56,81,99,38,50,50,50,52,50,111,25,3,1,69,2230,16
4731,110,56,81,99,38,50,50,50,52,50,111,25,3,1,69,2230,16
4732,110,56,81,99,38,50,50,50,52,50,111,25,3,1,69,2230,16
4733,110,56,81,99,38,50,50,50,52,50,111,25,3,1,69,2230,16
4734,110,56,81,99,38,50,50,50,52,50,111,25,3,1,69,2230,16
4735,110,56,81,99,38,50,50,50,52,50,111,25,3,1,69,2230,16
4736,110,56,81,99,38,50,50,50,52,50,111,25,3,1,69,2230,16
4737,110,56,81,99,38,50,50,50,54,50,111,24,3,1,69,2230,16
4738,110,54,81,99,37,50,50,50,54,50,111,24,3,1,69,2230,16
4739,110,54,81,99,37,50,50,50,55,50,111,24,3,1,69,2230,16
4740,110,52,82,100,36,50,50,50,55,50,111,24,3,1,69,2230,16
4741,110,52,82,100,36,50,50,50,57,50,111,24,3,1,70,2240,16
4742,110,50,83,101,35,50,50,50,57,50,111,24,3,1,70,2240,16
4743,110,50,83,101,35,50,50,50,58,50,111,24,3,1,70,2240,16
4744,110,48,84,102,34,50,50,50,58,50,111,24,3,1,70,2240,16
4745,110,48,84,102,34,50,50,50,59,50,111,25,3,1,70,2240,16
4746,110,46,84,102,33,50,50,50,59,50,111,25,3,1,70,2240,16
4747,110,46,84,102,33,50,50,50,60,50,111,25,3,1,70,2240,16
4748,110,44,85,103,32,50,50,50,60,50,111,25,3,1,70,2240,16
4749,110,44,85,103,32,50,50,50,61,50,111,29,3,1,70,2240,16
4750,110,42,86,104,31,50,50,50,61,50,111,29,3,1,70,2240,16
4751,110,42,86,104,31,50,50,50,62,50,111,29,3,1,70,2240,16
4752,110,42,87,105,30,48,50,50,62,50,111,29,3,1,70,2240,16
4753,110,42,87,105,30,48,50,50,64,50,111,32,3,1,71,2250,16
4754,110,42,87,105,29,46,50,50,64,50,111,32,3,255,71,2250,16
4755,110,42,87,105,29,46,50,50,65,50,111,32,3,1,71,2250,16
4756,110,42,88,106,28,44,50,50,65,50,111,32,3,255,71,2250,16
4757,110,42,88,106,28,44,50,50,66,50,111,36,3,1,71,2250,16
4758,110,42,89,107,27,42,50,50,66,50,111,36,3,255,71,2250,16
4759,110,42,89,107,27,42,50,50,67,50,111,36,3,1,71,2250,16
4760,110,42,90,108,26,40,50,50,67,50,111,36,3,255,71,2250,16
4761,110,42,90,108,26,40,50,50,68,50,111,37,3,1,71,2250,16
4762,109,42,90,108,26,38,50,50,68,50,111,37,3,255,71,2250,16
4763,109,42,90,108,26,38,50,50,69,50,111,37,3,1,71,2250,16
4764,108,42,91,109,26,36,50,50,69,50,111,37,3,255,71,2250,16
4765,108,42,91,109,26,36,50,50,71,50,111,37,3,1,71,2250,16
4766,107,42,92,110,26,34,50,50,71,50,111,37,3,255,71,2250,16
4767,107,42,92,110,26,34,50,50,72,50,111,37,3,1,72,2250,16
4768,106,42,93,111,26,32,50,50,72,50,111,37,3,255,72,2250,16
4769,106,42,93,111,26,32,50,50,73,50,111,36,3,1,72,2250,16
4770,106,42,93,111,26,30,50,50,73,50,111,36,3,255,72,2250,16
4771,106,42,93,111,26,30,50,50,74,50,111,36,3,1,72,2250,16
4772,105,42,94,112,26,28,50,50,74,50,111,36,3,255,72,2250,16
4773,105,42,94,112,26,28,50,50,75,50,111,36,3,1,72,2250,16
4774,104,42,95,113,26,26,50,50,75,50,111,36,3,255,72,2250,16
4775,104,42,95,113,26,26,50,50,76,50,111,36,3,1,72,2250,16
4776,103,44,96,114,26,26,50,50,76,50,111,36,3,255,72,2250,16
4777,103,44,96,114,26,26,50,50,78,50,111,37,3,1,72,2250,16
4778,103,46,96,114,26,26,50,50,78,50,111,37,3,255,72,2250,16
4779,103,46,96,114,26,26,50,50,79,50,111,37,3,1,72,2250,16
4780,102,48,97,115,26,26,50,50,79,50,111,37,3,255,72,2250,16
4781,102,48,97,115,26,26,50,50,81,50,111,41,3,1,73,2260,16
4782,101,50,98,116,26,26,50,50,81,50,111,41,3,255,73,2260,16
4783,101,50,98,116,26,26,50,50,82,50,111,41,3,1,73,2260,16
4784,100,52,99,117,26,26,50,50,82,50,111,41,3,255,73,2260,16
4785,100,52,99,117,26,26,50,50,83,50,111,44,3,1,73,2260,16
4786,100,54,99,117,26,26,50,50,83,50,111,44,3,255,73,2260,16
4787,100,54,99,117,26,26,50,50,84,50,111,44,3,1,73,2260,16
4788,99,56,100,118,26,26,50,50,84,50,111,44,3,255,73,2260,16
4789,99,56,100,118,26,26,50,50,85,50,111,48,3,1,73,2260,16
4790,98,58,101,119,26,26,50,50,85,50,111,48,3,255,73,2260,16
4791,98,58,101,119,26,26,50,50,86,50,111,48,3,1,73,2260,16
4792,97,60,102,120,26,26,50,50,86,50,111,48,3,255,73,2260,16
4793,97,60,102,120,26,26,50,50,88,50,111,49,3,1,73,2260,16
4794,97,62,102,120,26,26,50,50,88,50,111,49,3,255,73,2260,16
4795,97,62,102,120,26,26,50,50,89,50,111,49,3,1,73,2260,16
4796,96,64,103,121,26,26,50,50,89,50,111,49,3,255,73,2260,16
4797,96,64,103,121,26,26,50,50,91,50,111,49,3,1,73,2260,16
4798,95,66,104,122,26,26,50,50,91,50,111,49,3,255,73,2260,16
4799,95,66,104,122,26,26,50,50,92,50,111,49,3,1,74,2270,16
4800,94,68,105,123,26,26,50,50,92,50,111,49,3,255,74,2270,16
4801,94,68,105,123,26,26,50,50,93,50,111,48,3,1,74,2270,16
4802,94,70,105,123,26,26,50,50,93,50,111,48,3,255,74,2270,16
4803,94,70,105,123,26,26,50,50,94,50,111,48,3,1,74,2270,16
4804,93,72,106,124,26,26,50,50,94,50,111,48,3,255,74,2270,16
4805,93,72,106,124,26,26,50,50,95,50,111,48,3,1,74,2270,16
4806,92,74,107,125,26,26,50,50,95,50,111,48,3,255,74,2270,16
4807,92,74,107,125,26,26,50,50,96,50,111,48,3,1,74,2270,16
4808,91,76,108,126,26,26,50,50,96,50,111,48,3,255,74,2270,16
4809,91,76,108,126,26,26,50,50,98,50,111,49,3,1,74,2270,16
4810,91,78,108,126,26,26,50,50,98,50,111,49,3,255,74,2270,16
4811,91,78,108,126,26,26,50,50,99,50,111,49,3,1,74,2270,16
4812,90,80,109,127,26,26,50,50,99,50,111,49,3,255,74,2270,16
4813,90,80,109,127,26,26,50,50,101,50,111,53,3,1,75,2280,16
4814,89,82,110,128,26,26,50,50,101,50,111,53,3,255,75,2280,16
4815,89,82,110,128,26,26,50,50,102,50,111,53,3,1,75,2280,16
4816,88,82,110,129,26,26,51,50,102,50,111,53,3,255,75,2280,16
4817,88,82,110,129,26,26,51,50,103,50,111,56,3,1,75,2280,16
4818,88,84,110,129,26,26,52,50,103,50,111,56,3,255,75,2280,16
4819,88,84,110,129,26,26,52,50,104,50,111,56,3,1,75,2280,16
4820,87,86,110,130,26,26,53,50,104,50,111,56,3,255,75,2280,16
4821,87,86,110,130,26,26,53,50,105,50,111,60,3,1,75,2280,16
4822,86,88,110,131,26,26,54,50,105,50,111,60,3,255,75,2280,16
4823,86,88,110,131,26,26,54,50,106,50,111,60,3,1,75,2280,16
4824,85,90,110,132,26,26,55,50,106,50,111,60,3,255,75,2280,16
4825,85,90,110,132,26,26,55,50,108,50,111,61,3,1,75,2280,16
4826,85,92,110,132,26,26,56,50,108,50,111,61,3,255,75,2280,16
4827,85,92,110,132,26,26,56,50,109,50,111,61,3,1,75,2280,16
4828,84,94,110,133,26,26,57,50,109,50,111,61,3,255,75,2280,16
4829,84,94,110,133,26,26,57,50,111,50,111,61,3,1,75,2280,16
4830,83,96,110,134,26,26,58,50,111,50,111,61,3,255,75,2280,16
4831,83,96,110,134,26,26,58,50,112,50,111,61,3,1,75,2280,16
4832,82,98,110,134,26,26,59,49,112,50,111,61,3,255,75,2280,16
4833,82,98,110,134,26,26,59,49,114,50,111,60,3,1,75,2280,16
4834,82,100,110,134,26,26,60,48,114,50,111,60,3,255,75,2280,16
4835,82,100,110,134,26,26,60,48,115,50,111,60,3,1,75,2280,16
4836,81,102,110,134,26,26,61,47,115,50,111,60,3,255,75,2280,16
4837,81,102,110,134,26,26,61,47,117,50,111,60,3,1,75,2280,16
4838,80,104,110,134,26,26,62,46,117,50,111,60,3,255,75,2280,16
4839,80,104,110,134,26,26,62,46,118,50,111,60,3,1,75,2280,16
4840,79,106,110,134,26,26,63,45,118,50,111,60,3,255,75,2280,16
4841,79,106,110,134,26,26,63,45,120,50,111,61,3,1,75,2280,16
4842,79,108,110,134,26,26,64,44,120,50,111,61,3,255,75,2280,16
4843,79,108,110,134,26,26,64,44,121,50,111,61,3,1,75,2280,16
4844,78,110,110,134,26,26,65,43,121,50,111,61,3,255,75,2280,16
4845,78,110,110,134,26,26,65,43,123,50,111,65,3,1,75,2280,16
4846,77,110,110,134,26,28,66,42,123,50,111,65,3,255,75,2280,16
4847,77,110,110,134,26,28,66,42,124,50,111,65,3,1,75,2280,16
4848,76,110,110,134,26,30,67,41,124,50,111,65,3,255,75,2280,16
4849,76,110,110,134,26,30,67,41,126,50,111,68,3,1,75,2280,16
4850,76,110,110,134,26,32,68,40,126,50,111,68,3,1,75,2280,16
4851,76,110,110,134,26,32,68,40,127,50,111,68,3,1,75,2280,16
4852,75,110,110,134,26,34,69,39,127,50,111,68,3,1,75,2280,16
4853,75,110,110,134,26,34,69,39,129,50,111,72,3,1,75,2280,16
4854,74,110,110,134,26,36,70,38,129,50,111,72,3,1,75,2280,16
4855,74,110,110,134,26,36,70,38,130,50,111,72,3,1,75,2280,16
4856,74,110,110,134,26,38,71,37,130,50,111,72,3,1,75,2280,16
4857,74,110,110,134,26,38,71,37,132,50,111,73,3,1,75,2280,16
4858,74,110,110,134,26,40,72,36,132,50,111,73,3,1,75,2280,16
4859,74,110,110,134,26,40,72,36,133,50,111,73,3,1,75,2280,16
4860,73,110,110,134,26,42,73,35,133,50,111,73,3,1,75,2280,16
4861,73,110,110,134,26,42,73,35,134,49,111,73,3,0,75,2280,16
4862,72,110,110,134,26,44,74,34,134,49,111,73,3,0,75,2280,16
4863,72,110,110,134,26,44,74,34,134,47,111,73,3,0,75,2280,16
4864,71,110,110,134,26,46,75,33,134,47,111,73,3,0,75,2280,16
4865,71,110,110,134,26,46,75,33,134,45,111,72,3,0,75,2280,16
4866,71,110,110,134,26,48,76,32,134,45,111,72,3,0,75,2280,16
4867,71,110,110,134,26,48,76,32,134,43,111,72,3,0,75,2280,16
4868,70,110,110,134,26,50,77,31,134,43,111,72,3,0,75,2280,16
4869,70,110,110,134,26,50,77,31,134,41,111,72,3,0,75,2280,16
4870,69,108,110,134,26,50,78,30,134,41,111,72,3,0,75,2280,16
4871,69,108,110,134,26,50,78,30,134,39,111,72,3,0,75,2280,16
4872,68,106,110,134,26,50,79,29,134,39,111,72,3,0,75,2280,16
4873,68,106,110,134,26,50,79,29,134,37,111,73,3,0,75,2280,16
4874,68,104,110,134,26,50,80,28,134,37,111,73,3,0,75,2280,16
4875,68,104,110,134,26,50,80,28,134,35,111,73,3,0,75,2280,16
4876,67,102,110,134,26,50,81,27,134,35,111,73,3,0,75,2280,16
4877,67,102,110,134,26,50,81,27,134,33,111,77,3,0,75,2280,16
4878,66,100,110,134,26,50,82,26,134,33,111,77,3,0,75,2280,16
4879,66,100,110,134,26,50,82,26,134,31,111,77,3,0,75,2280,16
4880,66,98,110,135,26,50,83,26,134,31,111,77,3,0,75,2280,16
4881,66,98,110,135,26,50,83,26,134,29,111,80,3,0,75,2280,16
4882,66,98,110,135,26,50,83,26,134,29,111,80,3,0,75,2280,16
4883,66,98,110,135,26,50,83,26,134,29,111,80,3,0,75,2280,16
4884,66,98,110,135,26,50,83,26,134,29,111,80,3,0,75,2280,16
4885,66,98,110,135,26,50,83,26,134,29,111,80,3,0,75,2280,16
4886,66,98,110,135,26,50,83,26,134,29,111,80,3,0,75,2280,16
4887,66,98,110,135,26,50,83,26,134,29,111,80,3,0,75,2280,16
4888,66,98,110,135,26,50,83,26,134,29,111,80,3,0,75,2280,16
4889,66,98,110,135,26,50,83,26,134,29,111,80,3,0,75,2280,16
4890,66,98,110,135,26,50,83,26,134,29,111,80,3,0,75,2280,16
4891,66,98,110,135,26,50,83,26,134,29,111,80,3,0,75,2280,16
4892,66,98,110,135,26,50,83,26,134,29,111,80,3,0,75,2280,16
4893,66,98,110,135,26,50,83,26,134,29,111,80,3,0,75,2280,16
4894,66,98,110,135,26,50,83,26,134,29,111,80,3,0,75,2280,16
4895,66,98,110,135,26,50,83,26,134,29,111,80,3,0,75,2280,16
4896,66,98,110,135,26,50,83,26,134,29,111,80,3,0,75,2280,16
4897,66,98,110,135,26,50,83,26,134,29,111,80,3,0,75,2280,16
4898,66,98,110,135,26,50,83,26,134,29,111,80,3,0,75,2280,16
4899,66,98,110,135,26,50,83,26,134,29,111,80,3,0,75,2280,16
4900,66,98,110,135,26,50,83,26,134,29,111,80,3,0,75,2280,16
4901,66,98,110,135,26,50,83,26,134,29,111,80,3,0,75,2280,16
4902,66,98,110,135,26,50,83,26,134,29,111,80,3,0,75,2280,16
4903,66,98,110,135,26,50,83,26,134,29,111,80,3,0,75,2280,16
4904,66,98,110,135,26,50,83,26,134,29,111,80,3,0,75,2280,16
4905,66,98,110,135,26,50,83,26,134,27,111,84,3,0,75,2280,16
4906,66,96,110,137,26,50,84,26,134,27,111,84,3,0,75,2280,16
4907,66,96,110,137,26,50,84,26,133,26,111,84,3,3,75,2280,16
4908,65,94,110,139,26,50,85,26,133,26,111,84,3,3,75,2280,16
4909,65,94,110,139,26,50,85,26,131,26,111,85,3,3,75,2280,16
4910,64,92,110,141,26,50,86,26,131,26,111,85,3,3,75,2280,16
4911,64,92,110,141,26,50,86,26,130,26,111,85,3,3,75,2280,16
4912,63,90,110,143,26,50,86,26,130,26,111,85,3,3,75,2280,16
4913,63,90,110,143,26,50,86,26,128,26,111,85,3,3,75,2280,16
4914,63,88,110,145,26,50,87,26,128,26,111,85,3,3,75,2280,16
4915,63,88,110,145,26,50,87,26,127,26,111,85,3,3,75,2280,16
4916,62,88,110,147,26,51,88,26,127,26,111,85,3,3,75,2280,16
4917,62,88,110,147,26,51,88,26,125,26,111,84,3,3,75,2280,16
4918,61,88,110,149,26,52,89,26,125,26,111,84,3,3,75,2280,16
4919,61,88,110,149,26,52,89,26,124,26,111,84,3,3,75,2280,16
4920,60,88,110,150,26,53,90,27,124,26,111,84,3,3,75,2280,16
4921,60,88,110,150,26,53,90,27,122,26,111,84,3,3,75,2280,16
4922,60,88,110,150,26,54,91,29,122,26,111,84,3,3,75,2280,16
4923,60,88,110,150,26,54,91,29,121,26,111,84,3,3,75,2280,16
4924,59,88,110,150,26,55,92,31,121,26,111,84,3,3,75,2280,16
4925,59,88,110,150,26,55,92,31,119,26,111,85,3,3,75,2280,16
4926,58,88,110,150,26,56,93,33,119,26,111,85,3,3,75,2280,16
4927,58,88,110,150,26,56,93,33,118,26,111,85,3,3,75,2280,16
4928,57,88,110,150,26,58,94,35,118,26,111,85,3,3,75,2280,16
4929,57,88,110,150,26,58,94,35,116,26,111,89,3,3,75,2280,16
4930,57,88,110,150,26,59,95,37,116,26,111,89,3,3,75,2280,16
4931,57,88,110,150,26,59,95,37,115,26,111,89,3,3,75,2280,16
4932,56,88,110,150,26,60,96,39,115,26,111,89,3,3,75,2280,16
4933,56,88,110,150,26,60,96,39,113,26,111,92,3,3,75,2280,16
4934,55,88,110,150,26,61,97,41,113,26,111,92,3,3,75,2280,16
4935,55,88,110,150,26,61,97,41,112,26,111,92,3,3,75,2280,16
4936,54,88,110,150,26,62,98,43,112,26,111,92,3,3,75,2280,16
4937,54,88,110,150,26,62,98,43,110,26,111,96,3,3,75,2280,16
4938,54,88,111,150,26,63,98,45,110,26,111,96,3,3,75,2280,16
4939,54,88,111,150,26,63,98,45,109,26,111,96,3,3,75,2280,16
4940,53,88,112,150,26,64,98,47,109,26,111,96,3,3,75,2280,16
4941,53,88,112,150,26,64,98,47,107,26,111,97,3,3,75,2280,16
4942,52,88,113,150,26,65,98,49,107,26,111,97,3,3,75,2280,16
4943,52,88,113,150,26,65,98,49,106,26,111,97,3,3,75,2280,16
4944,51,87,114,150,26,66,98,51,106,26,111,97,3,3,75,2280,16
4945,51,87,114,150,26,66,98,51,104,26,111,97,3,3,75,2280,16
4946,51,85,114,150,26,66,98,53,104,26,111,97,3,3,75,2280,16
4947,51,85,114,150,26,66,98,53,103,26,111,97,3,3,76,2290,16
4948,50,84,115,150,26,66,98,55,103,26,111,97,3,3,76,2290,16
4949,50,84,115,150,26,66,98,55,102,26,110,96,3,3,76,2290,16
4950,49,82,116,150,26,66,98,57,102,26,110,96,3,3,76,2290,16
4951,49,82,116,150,26,66,98,57,101,26,110,96,3,3,76,2290,16
4952,48,82,117,150,26,67,98,59,101,26,110,96,3,3,76,2290,16
4953,48,82,117,150,26,67,98,59,100,26,109,95,3,3,76,2290,16
4954,48,82,117,150,26,69,98,61,100,26,109,95,3,3,76,2290,16
4955,48,82,117,150,26,69,98,61,99,26,109,95,3,3,76,2290,16
4956,47,82,118,150,26,70,98,63,99,26,109,95,3,3,76,2290,16
4957,47,82,118,150,26,70,98,63,97,26,108,95,3,3,76,2290,16
4958,46,82,119,150,26,72,98,65,97,26,108,95,3,3,76,2290,16
4959,46,82,119,150,26,72,98,65,96,26,108,95,3,3,76,2290,16
4960,45,82,120,150,26,74,98,67,96,26,108,95,3,3,76,2290,16
4961,45,82,120,150,26,74,98,67,94,26,107,96,3,3,77,2300,16
4962,45,82,120,150,26,76,98,69,94,26,107,96,3,3,77,2300,16
4963,45,82,120,150,26,76,98,69,93,26,107,96,3,3,77,2300,16
4964,44,82,121,150,26,77,98,71,93,26,107,96,3,3,77,2300,16
4965,44,82,121,150,26,77,98,71,92,26,106,97,3,3,77,2300,16
4966,43,82,122,150,26,79,98,73,92,26,106,97,3,3,77,2300,16
4967,43,82,122,150,26,79,98,73,91,26,106,97,3,3,77,2300,16
4968,42,82,123,149,26,80,98,74,91,26,106,97,3,3,77,2300,16
4969,42,82,123,149,26,80,98,74,90,26,105,99,3,3,77,2300,16
4970,42,84,123,147,26,80,98,74,90,26,105,99,3,3,77,2300,16
4971,42,84,123,147,26,80,98,74,89,26,105,99,3,3,77,2300,16
4972,41,85,124,145,26,80,98,74,89,26,105,99,3,3,77,2300,16
4973,41,85,124,145,26,80,98,74,87,26,104,99,3,3,77,2300,16
4974,40,87,125,143,26,80,98,74,87,26,104,99,3,3,77,2300,16
4975,40,87,125,143,26,80,98,74,86,26,104,99,3,3,77,2300,16
4976,39,89,126,141,26,80,98,74,86,26,104,99,3,3,77,2300,16
4977,39,89,126,141,26,80,98,74,84,26,103,97,3,3,77,2300,16
4978,39,91,126,139,26,80,98,74,84,26,103,97,3,3,77,2300,16
4979,39,91,126,139,26,80,98,74,83,26,103,97,3,3,78,2310,16
4980,38,92,127,137,26,80,98,74,83,26,103,97,3,3,78,2310,16
4981,38,92,127,137,26,80,98,74,82,26,102,96,3,3,78,2310,16
4982,37,94,128,135,26,80,98,74,82,26,102,96,3,3,78,2310,16
4983,37,94,128,135,26,80,98,74,81,26,102,96,3,3,78,2310,16
4984,36,94,129,133,26,79,98,74,81,26,102,96,3,3,78,2310,16
4985,36,94,129,133,26,79,98,74,80,26,101,95,3,3,78,2310,16
4986,36,94,129,131,26,77,98,74,80,26,101,95,3,3,78,2310,16
4987,36,94,129,131,26,77,98,74,79,26,101,95,3,3,78,2310,16
4988,35,94,130,129,26,76,98,74,79,26,101,95,3,3,78,2310,16
4989,35,94,130,129,26,76,98,74,77,26,100,95,3,3,78,2310,16
4990,34,94,131,127,26,74,98,74,77,26,100,95,3,3,78,2310,16
4991,34,94,131,127,26,74,98,74,76,26,100,95,3,3,78,2310,16
4992,34,94,132,125,26,72,98,74,76,26,100,95,3,3,78,2310,16
4993,34,94,132,125,26,72,98,74,74,26,99,96,3,3,79,2320,16
4994,34,94,132,123,26,70,98,74,74,26,99,96,3,3,79,2320,16
4995,34,94,132,123,26,70,98,74,73,26,99,96,3,3,79,2320,16
4996,33,94,133,121,26,69,98,74,73,26,99,96,3,3,79,2320,16
4997,33,94,133,121,26,69,98,74,72,26,98,97,3,3,79,2320,16
4998,32,94,134,119,26,67,98,74,72,26,98,97,3,3,79,2320,16
4999,32,94,134,119,26,67,98,74,71,26,98,97,3,3,79,2320,16
5000,31,94,134,117,26,66,98,74,71,26,98,97,3,3,79,2320,16
5001,31,94,134,117,26,66,98,74,70,26,97,99,3,3,79,2320,16
5002,31,92,134,115,26,66,98,74,70,26,97,99,3,3,79,2320,16
5003,31,92,134,115,26,66,98,74,69,26,97,99,3,3,79,2320,16
5004,30,91,134,113,26,66,99,74,69,26,97,99,3,3,79,2320,16
5005,30,91,134,113,26,66,99,74,67,26,96,99,3,3,80,2330,16
5006,29,89,134,111,26,66,100,74,67,26,96,99,3,3,80,2330,16
5007,29,89,134,111,26,66,100,74,66,26,96,99,3,3,80,2330,16
5008,28,87,134,110,26,66,101,73,66,26,96,99,3,3,80,2330,16
5009,28,87,134,110,26,66,101,73,66,27,95,97,3,2,80,2330,16
5010,28,86,134,110,26,66,102,71,66,27,95,97,3,2,80,2330,16
5011,28,86,134,110,26,66,102,71,66,29,95,97,3,2,80,2330,16
5012,27,85,134,110,26,66,103,69,66,29,95,97,3,2,80,2330,16
5013,27,85,134,110,26,66,103,69,66,30,94,96,3,2,80,2330,16
5014,26,84,134,110,26,66,104,67,66,30,94,96,3,2,80,2330,16
5015,26,84,134,110,26,66,104,67,66,32,94,96,3,2,80,2330,16
5016,25,83,134,110,26,66,105,65,66,32,94,96,3,2,80,2330,16
5017,25,83,134,110,26,66,105,65,66,34,93,95,3,2,81,2340,16
5018,25,82,134,110,26,66,106,63,66,34,93,95,3,2,81,2340,16
5019,25,82,134,110,26,66,106,63,66,36,93,95,3,2,81,2340,16
5020,24,82,134,110,26,67,107,61,66,36,93,95,3,2,81,2340,16
5021,24,82,134,110,26,67,107,61,66,37,92,95,3,2,81,2340,16
5022,23,82,134,110,26,68,108,59,66,37,92,95,3,2,81,2340,16
5023,23,82,134,110,26,68,108,59,66,39,92,95,3,2,81,2340,16
5024,22,82,134,110,26,70,109,57,66,39,92,95,3,2,81,2340,16
5025,22,82,134,110,26,70,109,57,66,40,91,96,3,2,81,2340,16
5026,22,82,134,110,26,71,110,55,66,40,91,96,3,2,81,2340,16
5027,22,82,134,110,26,71,110,55,66,42,91,96,3,2,81,2340,16
5028,21,82,134,110,26,72,111,53,66,42,91,96,3,2,81,2340,16
5029,21,82,134,110,26,72,111,53,66,44,90,97,3,2,81,2340,16
5030,20,82,134,110,26,73,112,51,66,44,90,97,3,2,81,2340,16
5031,20,82,134,110,26,73,112,51,66,46,90,97,3,2,81,2340,16
5032,19,82,134,109,26,74,113,50,66,46,90,97,3,2,81,2340,16
5033,19,82,134,109,26,74,113,50,66,48,89,99,3,2,81,2340,16
5034,19,82,134,107,26,75,114,50,66,48,89,99,3,2,81,2340,16
5035,19,82,134,107,26,75,114,50,66,50,89,99,3,2,81,2340,16
5036,18,82,134,105,26,76,115,50,66,50,89,99,3,2,81,2340,16
5037,18,82,134,105,26,76,115,50,66,52,88,99,3,2,81,2340,16
5038,18,82,134,103,25,77,116,50,66,52,88,99,3,2,81,2340,16
5039,18,82,134,103,25,77,116,50,66,54,88,99,3,2,81,2340,16
5040,18,82,134,101,24,79,117,50,66,54,88,99,3,2,81,2340,16
5041,18,82,134,101,24,79,117,50,66,56,87,97,3,2,81,2340,16
5042,18,82,134,99,23,80,118,50,66,56,87,97,3,2,81,2340,16
5043,18,82,134,99,23,80,118,50,66,58,87,97,3,2,82,2340,16
5044,18,83,134,97,22,80,119,50,66,58,87,97,3,2,82,2340,16
5045,18,83,134,97,22,80,119,50,66,59,86,96,3,2,82,2340,16
5046,18,84,134,95,21,80,120,50,66,59,86,96,3,2,82,2340,16
5047,18,84,134,95,21,80,120,50,66,61,86,96,3,2,82,2340,16
5048,18,85,134,93,20,80,121,50,66,61,86,96,3,2,82,2340,16
5049,18,85,134,93,20,80,121,50,66,62,85,95,3,2,82,2340,16
5050,18,86,134,91,19,80,122,50,66,62,85,95,3,2,82,2340,16
5051,18,86,134,91,19,80,122,50,66,64,85,95,3,2,82,2340,16
5052,18,87,135,89,18,80,122,50,66,64,85,95,3,2,82,2340,16
5053,18,87,135,89,18,80,122,50,66,66,84,95,3,2,82,2340,16
5054,18,88,136,88,17,80,122,51,66,66,84,95,3,2,82,2340,16
5055,18,88,136,88,17,80,122,51,66,68,84,95,3,2,82,2340,16
5056,18,90,137,88,16,80,122,52,66,68,84,95,3,2,82,2340,16
5057,18,90,137,88,16,80,122,52,66,70,83,96,3,2,83,2350,16
5058,18,91,137,88,15,80,122,54,66,70,83,96,3,2,83,2350,16
5059,18,91,137,88,15,80,122,54,66,72,83,96,3,2,83,2350,16
5060,18,92,138,88,14,80,122,55,66,72,83,96,3,2,83,2350,16
5061,18,92,138,88,14,80,122,55,66,73,82,97,3,2,83,2350,16
5062,18,93,139,88,13,80,122,57,66,73,82,97,3,2,83,2350,16
5063,18,93,139,88,13,80,122,57,66,75,82,97,3,2,83,2350,16
5064,18,94,140,88,12,80,122,58,66,75,82,97,3,2,83,2350,16
5065,18,94,140,88,12,80,122,58,66,76,81,99,3,2,83,2350,16
5066,18,94,140,88,11,79,122,60,66,76,81,99,3,2,83,2350,16
5067,18,94,140,88,11,79,122,60,66,78,81,99,3,2,83,2350,16
5068,18,94,142,88,9,78,122,61,66,78,81,99,3,253,83,2350,16
5069,18,94,142,88,9,78,122,61,66,80,80,99,3,2,83,2350,16
5070,18,94,143,88,8,77,122,62,66,80,80,99,3,253,83,2350,16
5071,18,94,143,88,8,77,122,62,66,82,80,99,3,2,83,2350,16
5072,18,94,144,88,6,75,122,63,66,82,80,99,3,253,83,2350,16
5073,18,94,144,88,6,75,122,63,66,84,79,97,3,2,83,2350,16
5074,18,94,145,88,5,74,122,65,66,84,79,97,3,253,83,2350,16
5075,18,94,145,88,5,74,122,65,66,86,79,97,3,2,83,2350,16
5076,18,94,147,88,3,73,122,66,66,86,79,97,3,253,83,2350,16
5077,18,94,147,88,3,73,122,66,66,88,78,96,3,2,83,2350,16
5078,18,94,148,86,2,72,122,66,66,88,78,96,3,253,83,2350,16
5079,18,94,148,86,2,72,122,66,66,90,78,96,3,2,83,2350,16
5080,19,94,149,84,2,71,122,66,66,90,78,96,3,253,83,2350,16
5081,19,94,149,84,2,71,122,66,66,92,77,95,3,2,83,2350,16
5082,20,94,150,82,2,70,122,66,66,92,77,95,3,253,83,2350,16
5083,20,94,150,82,2,70,122,66,66,94,77,95,3,2,83,2350,16
5084,21,94,152,82,2,69,122,68,66,94,77,95,3,253,83,2350,16
5085,21,94,152,82,2,69,122,68,66,96,76,95,3,2,83,2350,16
5086,22,94,153,82,2,68,122,69,66,96,76,95,3,253,83,2350,16
5087,22,94,153,82,2,68,122,69,66,98,76,95,3,2,83,2350,16
5088,23,94,154,82,2,66,122,71,66,98,76,95,3,253,83,2350,16
5089,23,94,154,82,2,66,122,71,68,98,75,96,3,1,83,2350,16
5090,24,93,155,82,2,66,122,73,68,98,75,96,3,253,83,2350,16
5091,24,93,155,82,2,66,122,73,69,98,75,96,3,1,83,2350,16
5092,25,92,157,82,2,66,122,75,69,98,75,96,3,253,83,2350,16
5093,25,92,157,82,2,66,122,75,71,98,0,97,3,1,83,2350,16
5094,25,92,157,82,2,66,122,75,71,98,0,97,3,1,83,2350,16
5095,25,92,157,82,2,66,122,75,71,98,0,97,3,1,83,2350,16
5096,25,92,157,82,2,66,122,75,71,98,0,97,3,1,83,2350,16
5097,25,92,157,82,2,66,122,75,71,98,0,97,3,1,83,2350,16
5098,25,92,157,82,2,66,122,75,71,98,0,97,3,1,83,2350,16
5099,25,92,157,82,2,66,122,75,71,98,0,97,3,1,83,2350,16
5100,25,92,157,82,2,66,122,75,71,98,0,97,3,1,83,2350,16
5101,25,92,157,82,2,66,122,75,71,98,0,97,3,1,83,2350,16
5102,25,92,157,82,2,66,122,75,71,98,0,97,3,1,83,2350,16
5103,25,92,157,82,2,66,122,75,71,98,0,97,3,1,83,2350,16
5104,25,92,157,82,2,66,122,75,71,98,0,97,3,1,83,2350,16
5105,25,92,157,82,2,66,122,75,71,98,0,97,3,1,83,2350,16
5106,25,92,157,82,2,66,122,75,71,98,0,97,3,1,83,2350,16
5107,25,92,157,82,2,66,122,75,71,98,0,97,3,1,83,2350,16
5108,25,92,157,82,2,66,122,75,71,98,0,97,3,1,83,2350,16
5109,25,92,157,82,2,66,122,75,71,98,0,97,3,1,83,2350,16
5110,25,92,157,82,2,66,122,75,71,98,0,97,3,1,83,2350,16
5111,25,92,157,82,2,66,122,75,71,98,0,97,3,1,83,2350,16
5112,25,92,157,82,2,66,122,75,71,98,0,97,3,1,83,2350,16
5113,25,92,157,82,2,66,122,75,73,98,0,97,3,1,83,2350,16
5114,26,91,158,82,2,66,122,77,73,98,0,97,3,1,83,2350,16
5115,26,91,158,82,2,66,122,77,74,98,0,97,3,1,83,2350,16
5116,26,90,158,82,2,66,124,79,74,98,0,97,3,1,83,2350,16
5117,26,90,158,82,2,66,124,79,74,100,0,97,3,2,83,2350,16
5118,27,89,158,82,2,66,126,80,74,100,0,97,3,2,83,2350,16
5119,27,89,158,82,2,66,126,80,74,102,0,97,3,2,83,2350,16
5120,28,87,158,84,2,66,127,80,74,102,0,97,3,2,83,2350,16
5121,28,87,158,84,2,66,127,80,74,104,0,97,3,2,83,2350,16
5122,29,85,158,86,2,66,129,80,74,104,0,97,3,2,83,2350,16
5123,29,85,158,86,2,66,129,80,74,106,0,97,3,2,84,2360,16
5124,30,84,158,88,2,66,131,80,74,106,0,97,3,2,84,2360,16
5125,30,84,158,88,2,66,131,80,74,107,0,97,3,2,84,2360,16
5126,31,82,158,90,2,66,133,80,74,107,0,97,3,2,84,2360,16
5127,31,82,158,90,2,66,133,80,74,109,0,97,3,2,84,2360,16
5128,32,82,158,92,2,67,134,80,74,109,0,97,3,2,84,2360,16
5129,32,82,158,92,2,67,134,80,74,110,0,97,3,2,84,2360,16
5130,33,82,158,94,2,69,136,80,74,110,0,97,3,2,84,2360,16
5131,33,82,158,94,2,69,136,80,74,112,0,97,3,2,84,2360,16
5132,34,82,158,94,2,70,138,78,74,112,0,97,3,2,84,2360,16
5133,34,82,158,94,2,70,138,78,74,114,0,97,3,2,84,2360,16
5134,35,82,158,94,2,72,140,77,74,114,0,97,3,2,84,2360,16
5135,35,82,158,94,2,72,140,77,74,116,0,97,3,2,84,2360,16
5136,36,82,158,94,2,74,141,75,74,116,0,97,3,2,84,2360,16
5137,36,82,158,94,2,74,141,75,74,118,0,97,3,2,85,2370,16
5138,37,82,158,94,2,76,143,73,74,118,0,97,3,2,85,2370,16
5139,37,82,158,94,2,76,143,73,74,120,0,97,3,2,85,2370,16
5140,38,82,158,94,2,77,145,71,74,120,0,97,3,2,85,2370,16
5141,38,82,158,94,2,77,145,71,74,121,0,97,3,2,85,2370,16
5142,39,82,158,94,2,79,147,69,74,121,0,97,3,2,85,2370,16
5143,39,82,158,94,2,79,147,69,74,123,0,97,3,2,85,2370,16
5144,40,82,158,94,2,80,148,67,74,123,0,97,3,2,85,2370,16
5145,40,82,158,94,2,80,148,67,74,124,0,97,3,2,85,2370,16
5146,41,84,158,93,2,80,150,66,74,124,0,97,3,2,85,2370,16
5147,41,84,158,93,2,80,150,66,74,126,0,97,3,2,85,2370,16
5148,42,85,158,91,2,80,152,66,74,126,0,97,3,2,85,2370,16
5149,42,85,158,91,2,80,152,66,74,128,0,97,3,2,85,2370,16
5150,42,87,158,90,3,80,154,66,74,128,0,97,3,2,85,2370,16
5151,42,87,158,90,3,80,154,66,74,130,0,97,3,2,86,2380,16
5152,42,89,158,88,5,80,155,66,74,130,0,97,3,2,86,2380,16
5153,42,89,158,88,5,80,155,66,74,131,0,97,3,2,86,2380,16
5154,42,91,158,88,6,80,157,64,74,131,0,97,3,2,86,2380,16
5155,42,91,158,88,6,80,157,64,74,133,0,97,3,2,86,2380,16
5156,42,92,157,88,8,80,158,62,74,133,0,97,3,2,86,2380,16
5157,42,92,157,88,8,80,158,62,74,134,0,97,3,2,86,2380,16
5158,42,94,156,88,9,80,158,60,74,134,0,97,3,2,86,2380,16
5159,42,94,156,88,9,80,158,60,74,136,0,97,3,2,86,2380,16
5160,42,94,155,88,11,79,158,58,74,136,0,97,3,2,86,2380,16
5161,42,94,155,88,11,79,158,58,74,138,0,97,3,2,86,2380,16
5162,42,94,154,88,12,77,158,56,74,138,0,97,3,2,86,2380,16
5163,42,94,154,88,12,77,158,56,74,140,0,97,3,2,86,2380,16
5164,42,94,152,88,14,76,158,54,74,140,0,97,3,2,86,2380,16
5165,42,94,152,88,14,76,158,54,74,142,0,97,3,2,87,2390,16
5166,42,94,151,88,15,74,158,53,74,142,0,97,3,2,87,2390,16
5167,42,94,151,88,15,74,158,53,74,144,0,97,3,2,87,2390,16
5168,42,94,150,88,17,72,158,51,74,144,0,97,3,2,87,2390,16
5169,42,94,150,88,17,72,158,51,74,145,0,97,3,2,87,2390,16
5170,42,94,149,89,18,70,158,50,74,145,0,97,3,2,87,2390,16
5171,42,94,149,89,18,70,158,50,74,147,0,97,3,2,87,2390,16
5172,42,94,147,90,20,69,158,50,74,147,0,97,3,2,87,2390,16
5173,42,94,147,90,20,69,158,50,74,148,0,97,3,2,87,2390,16
5174,42,94,146,92,21,67,158,50,74,148,0,97,3,2,87,2390,16
5175,42,94,146,92,21,67,158,50,74,150,0,97,3,2,87,2390,16
5176,42,94,145,93,23,66,158,50,74,150,0,97,3,2,87,2390,16
5177,42,94,145,93,23,66,158,50,74,152,0,97,3,2,87,2390,16
5178,42,92,144,95,24,66,158,50,74,152,0,97,3,2,87,2390,16
5179,42,92,144,95,24,66,158,50,74,154,0,97,3,2,88,2400,16
5180,42,91,142,96,26,66,158,50,74,154,0,97,3,2,88,2400,16
5181,42,91,142,96,26,66,158,50,74,155,0,97,3,2,88,2400,16
5182,42,89,141,97,26,66,158,50,74,155,0,97,3,2,88,2400,16
5183,42,89,141,97,26,66,158,50,74,157,0,97,3,2,88,2400,16
5184,42,88,140,98,28,65,158,50,74,157,0,97,3,2,88,2400,16
5185,42,88,140,98,28,65,158,50,74,158,0,97,3,2,88,2400,16
5186,42,88,139,100,29,63,158,50,74,158,0,97,3,2,88,2400,16
5187,42,88,139,100,29,63,158,50,73,158,0,97,3,3,88,2400,16
5188,42,88,137,101,31,62,158,50,73,158,0,97,3,3,88,2400,16
5189,42,88,137,101,31,62,158,50,71,158,0,97,3,3,88,2400,16
5190,42,88,136,103,32,60,158,50,71,158,0,97,3,3,88,2400,16
5191,42,88,136,103,32,60,158,50,70,158,0,97,3,3,88,2400,16
5192,42,88,135,104,34,59,158,50,70,158,0,97,3,3,88,2400,16
5193,42,88,135,104,34,59,158,50,68,158,0,97,3,3,88,2400,16
5194,42,88,134,106,35,57,158,50,68,158,0,97,3,3,88,2400,16
5195,42,88,134,106,35,57,158,50,67,158,0,97,3,3,89,2410,16
5196,42,88,134,107,37,56,156,50,67,158,0,97,3,3,89,2410,16
5197,42,88,134,107,37,56,156,50,66,158,0,97,3,3,89,2410,16
5198,42,88,134,108,38,54,154,50,66,158,0,97,3,3,89,2410,16
5199,42,88,134,108,38,54,154,50,65,158,0,97,3,3,89,2410,16
5200,42,88,134,109,40,52,153,50,65,158,0,97,3,3,89,2410,16
5201,42,88,134,109,40,52,153,50,64,158,0,97,3,3,89,2410,16
5202,42,88,134,110,41,50,151,51,64,158,0,97,3,3,89,2410,16
5203,42,88,134,110,41,50,151,51,63,158,0,97,3,3,89,2410,16
5204,42,87,134,110,43,50,149,53,63,158,0,97,3,3,89,2410,16
5205,42,87,134,110,43,50,149,53,61,158,0,97,3,3,89,2410,16
5206,42,86,134,110,44,50,147,55,61,158,0,97,3,3,89,2410,16
5207,42,86,134,110,44,50,147,55,60,158,0,97,3,3,89,2410,16
5208,42,85,134,110,46,50,146,57,60,158,0,97,3,3,89,2410,16
5209,42,85,134,110,46,50,146,57,58,158,0,97,3,3,90,2420,16
5210,42,84,134,110,47,50,144,59,58,158,0,97,3,3,90,2420,16
5211,42,84,134,110,47,50,144,59,57,158,0,97,3,3,90,2420,16
5212,42,83,134,110,49,50,142,61,57,158,0,97,3,3,90,2420,16
5213,42,83,134,110,49,50,142,61,56,158,0,97,3,3,90,2420,16
5214,42,82,134,110,50,50,140,62,56,158,0,97,3,3,90,2420,16
5215,42,82,134,110,50,50,140,62,55,158,0,97,3,3,90,2420,16
5216,42,82,134,110,50,50,139,64,55,158,0,97,3,3,90,2420,16
5217,42,82,134,110,50,50,139,64,54,158,0,97,3,3,90,2420,16
5218,42,81,134,110,50,50,137,66,54,158,0,97,3,3,90,2420,16
5219,42,81,134,110,50,50,137,66,53,158,0,97,3,3,90,2420,16
5220,43,80,134,110,50,50,135,68,53,158,0,97,3,3,90,2420,16
5221,43,80,134,110,50,50,135,68,51,158,0,97,3,3,91,2430,16
5222,44,79,134,110,50,50,133,70,51,158,0,97,3,3,91,2430,16
5223,44,79,134,110,50,50,133,70,50,158,0,97,3,3,91,2430,16
5224,45,78,134,110,50,50,132,72,50,158,0,97,3,3,91,2430,16
5225,45,78,134,110,50,50,132,72,49,158,0,97,3,3,91,2430,16
5226,46,77,134,110,50,50,130,74,49,158,0,97,3,3,91,2430,16
5227,46,77,134,110,50,50,130,74,48,158,0,97,3,3,91,2430,16
5228,47,76,134,110,50,50,128,76,48,158,0,97,3,3,91,2430,16
5229,47,76,134,110,50,50,128,76,47,158,0,97,3,3,91,2430,16
5230,48,75,134,110,50,50,126,77,47,158,0,97,3,3,91,2430,16
5231,48,75,134,110,50,50,126,77,46,158,0,97,3,3,91,2430,16
5232,49,73,134,110,50,50,125,79,46,158,0,97,3,3,91,2430,16
5233,49,73,134,110,50,50,125,79,44,158,0,97,3,3,91,2430,16
5234,50,72,134,110,50,50,123,81,44,158,0,97,3,3,91,2430,16
5235,50,72,134,110,50,50,123,81,43,158,0,97,3,3,92,2430,16
5236,50,71,134,110,50,50,121,83,43,158,0,97,3,3,92,2430,16
5237,50,71,134,110,50,50,121,83,42,158,0,97,3,3,92,2430,16
5238,51,70,134,110,50,50,119,85,42,158,0,97,3,3,92,2430,16
5239,51,70,134,110,50,50,119,85,41,158,0,97,3,3,92,2430,16
5240,52,69,134,110,50,50,118,87,41,158,0,97,3,3,92,2430,16
5241,52,69,134,110,50,50,118,87,40,158,0,97,3,3,92,2430,16
5242,53,68,134,110,50,50,116,89,40,158,0,97,3,3,92,2430,16
5243,53,68,134,110,50,50,116,89,39,158,0,97,3,3,92,2430,16
5244,54,67,134,110,50,50,114,91,39,158,0,97,3,3,92,2430,16
5245,54,67,134,110,50,50,114,91,37,158,0,97,3,3,92,2430,16
5246,55,66,134,110,50,50,112,92,37,158,0,97,3,3,92,2430,16
5247,55,66,134,110,50,50,112,92,36,158,0,97,3,3,92,2430,16
5248,56,64,134,110,50,50,111,94,36,158,0,97,3,3,92,2430,16
5249,56,64,134,110,50,50,111,94,34,158,0,97,3,3,93,2440,16
5250,57,63,134,110,50,50,109,96,34,158,0,97,3,3,93,2440,16
5251,57,63,134,110,50,50,109,96,33,158,0,97,3,3,93,2440,16
5252,58,62,134,110,50,50,107,98,33,158,0,97,3,3,93,2440,16
5253,58,62,134,110,50,50,107,98,32,158,0,97,3,3,93,2440,16
5254,58,61,134,112,50,50,105,98,32,158,0,97,3,3,93,2440,16
5255,58,61,134,112,50,50,105,98,31,158,0,97,3,3,93,2440,16
5256,59,60,134,113,50,50,104,98,31,158,0,97,3,3,93,2440,16
5257,59,60,134,113,50,50,104,98,30,158,0,97,3,3,93,2440,16
5258,60,59,134,115,50,50,102,98,30,158,0,97,3,3,93,2440,16
5259,60,59,134,115,50,50,102,98,29,158,0,97,3,3,93,2440,16
5260,61,58,134,116,50,50,100,98,29,158,0,97,3,3,93,2440,16
5261,61,58,134,116,50,50,100,98,27,158,0,97,3,3,94,2450,16
5262,62,57,134,117,50,50,98,98,27,158,0,97,3,3,94,2450,16
5263,62,57,134,117,50,50,98,98,26,158,0,97,3,3,94,2450,16
5264,63,55,133,118,50,50,98,98,26,158,0,97,3,3,94,2450,16
5265,63,55,133,118,50,50,98,98,25,158,0,97,3,3,94,2450,16
5266,64,54,132,120,50,50,98,98,25,158,0,97,3,3,94,2450,16
5267,64,54,132,120,50,50,98,98,24,158,0,97,3,3,94,2450,16
5268,65,53,130,121,50,50,98,98,24,158,0,97,3,3,94,2450,16
5269,65,53,130,121,50,50,98,98,23,158,0,97,3,3,94,2450,16
5270,66,52,129,123,50,50,98,98,23,158,0,97,3,3,94,2450,16
5271,66,52,129,123,50,50,98,98,22,158,0,97,3,3,94,2450,16
5272,66,51,128,124,52,50,98,98,22,158,0,97,3,3,94,2450,16
5273,66,51,128,124,52,50,98,98,20,158,0,97,3,3,94,2450,16
5274,66,50,127,126,53,50,98,98,20,158,0,97,3,3,94,2450,16
5275,66,50,127,126,53,50,98,98,19,158,0,97,3,3,95,2460,16
5276,66,50,126,127,55,50,98,98,19,158,0,97,3,3,95,2460,16
5277,66,50,126,127,55,50,98,98,18,158,0,97,3,3,95,2460,16
5278,66,50,125,128,56,50,98,98,18,158,0,97,3,3,95,2460,16
5279,66,50,125,128,56,50,98,98,18,156,0,97,3,0,95,2460,16
5280,66,48,124,129,58,50,98,98,18,156,0,97,3,0,95,2460,16
5281,66,48,124,129,58,50,98,98,18,155,0,97,3,0,95,2460,16
5282,66,47,123,131,59,50,98,98,18,155,0,97,3,0,95,2460,16
5283,66,47,123,131,59,50,98,98,18,153,0,97,3,0,95,2460,16
5284,66,46,121,132,61,50,98,98,18,153,0,97,3,0,95,2460,16
5285,66,46,121,132,61,50,98,98,18,151,0,97,3,0,95,2460,16
5286,66,45,120,134,62,50,98,98,18,151,0,97,3,0,95,2460,16
5287,66,45,120,134,62,50,98,98,18,149,0,97,3,0,96,2510,16
5288,66,46,121,133,62,50,98,98,18,149,0,97,3,0,96,2510,16
5289,66,46,121,133,62,50,98,98,18,147,0,97,3,0,96,2510,16
5290,66,46,121,133,61,50,98,98,18,147,0,97,3,0,96,2510,16
5291,66,46,121,133,61,50,98,98,18,145,0,97,3,0,96,2510,16
5292,66,47,122,132,60,50,98,98,18,145,0,97,3,0,96,2510,16
5293,66,47,122,132,60,50,98,98,18,143,0,97,3,0,96,2510,16
5294,66,48,123,131,59,50,98,98,18,143,0,97,3,0,96,2510,16
5295,66,48,123,131,59,50,98,98,18,141,0,97,3,0,96,2510,16
5296,66,49,124,130,58,50,98,98,18,141,0,97,3,0,96,2510,16
5297,66,49,124,130,58,50,98,98,18,139,0,97,3,0,96,2510,16
5298,66,49,124,130,57,50,98,98,18,139,0,97,3,0,96,2510,16
5299,66,49,124,130,57,50,98,98,18,137,0,97,3,0,96,2510,16
5300,66,50,125,129,56,50,98,98,18,137,0,97,3,0,96,2510,16
5301,66,50,125,129,56,50,98,98,18,135,0,97,3,0,96,2510,16
5302,66,51,126,128,55,50,98,98,18,135,0,97,3,0,96,2510,16
5303,66,51,126,128,55,50,98,98,18,133,0,97,3,0,97,2520,16
5304,66,52,127,127,54,50,98,98,18,133,0,97,3,0,97,2520,16
5305,66,52,127,127,54,50,98,98,18,132,0,97,3,0,97,2520,16
5306,66,52,127,127,53,50,98,98,18,132,0,97,3,0,97,2520,16
5307,66,52,127,127,53,50,98,98,18,130,0,97,3,0,97,2520,16
5308,66,53,128,126,52,50,98,98,18,130,0,97,3,0,97,2520,16
5309,66,53,128,126,52,50,98,98,18,129,0,97,3,0,97,2520,16
5310,66,54,129,125,51,50,98,98,18,129,0,97,3,0,97,2520,16
5311,66,54,129,125,51,50,98,98,18,127,0,97,3,0,97,2520,16
5312,66,55,130,124,50,50,98,98,18,127,0,97,3,0,97,2520,16
5313,66,55,130,124,50,50,98,98,18,125,0,97,3,0,97,2520,16
5314,67,55,130,124,50,50,98,98,18,125,0,97,3,0,97,2520,16
5315,67,55,130,124,50,50,98,98,18,123,0,97,3,0,97,2520,16
5316,68,56,131,123,50,50,98,98,18,123,0,97,3,0,97,2520,16
5317,68,56,131,123,50,50,98,98,19,122,0,97,3,1,98,2520,16
5318,69,57,132,122,50,50,98,98,19,122,0,97,3,1,98,2520,16
5319,69,57,132,122,50,50,98,98,20,122,0,97,3,1,98,2520,16
5320,70,58,133,121,50,50,98,98,20,122,0,97,3,1,98,2520,16
5321,70,58,133,121,50,50,98,98,21,122,0,97,3,1,98,2520,16
5322,70,58,133,121,50,50,98,98,21,122,0,97,3,1,98,2520,16
5323,70,58,133,121,50,50,98,98,22,122,0,97,3,1,98,2520,16
5324,71,59,134,120,50,50,98,98,22,122,0,97,3,1,98,2520,16
5325,71,59,134,120,50,50,98,98,23,122,0,97,3,1,98,2520,16
5326,72,60,134,119,50,50,99,98,23,122,0,97,3,1,98,2520,16
5327,72,60,134,119,50,50,99,98,24,122,0,97,3,1,99,2530,16
5328,73,61,134,118,50,50,100,98,24,122,0,97,3,1,99,2530,16
5329,73,61,134,118,50,50,100,98,25,122,0,97,3,1,99,2530,16
5330,73,61,134,118,50,50,101,98,25,122,0,97,3,1,99,2530,16
5331,73,61,134,118,50,50,101,98,26,122,0,97,3,1,99,2530,16
5332,74,62,134,117,50,50,102,98,26,122,0,97,3,1,99,2530,16
5333,74,62,134,117,50,50,102,98,26,121,0,97,3,0,99,2530,16
5334,75,63,134,116,50,50,103,98,26,121,0,97,3,0,99,2530,16
5335,75,63,134,116,50,50,103,98,26,119,0,97,3,0,99,2530,16
5336,76,64,134,115,50,50,104,98,26,119,0,97,3,0,99,2530,16
5337,76,64,134,115,50,50,104,98,26,117,0,97,3,0,99,2530,16
5338,76,64,134,115,50,50,105,98,26,117,0,97,3,0,99,2530,16
5339,76,64,134,115,50,50,105,98,26,115,0,97,3,0,99,2530,16
5340,77,65,134,114,50,50,106,98,26,115,0,97,3,0,99,2530,16
5341,77,65,134,114,50,50,106,98,26,113,0,97,3,0,99,2530,16
5342,78,66,134,113,50,50,107,98,26,113,0,97,3,0,99,2530,16
5343,78,66,134,113,50,50,107,98,26,111,0,97,3,0,99,2530,16
5344,79,66,134,112,50,51,108,98,26,111,0,97,3,0,99,2530,16
5345,79,66,134,112,50,51,108,98,26,109,0,97,3,0,100,2540,16
5346,79,66,134,112,50,52,109,98,26,109,0,97,3,0,100,2540,16
5347,79,66,134,112,50,52,109,98,26,107,0,97,3,0,100,2540,16
5348,80,66,134,111,50,53,110,98,26,107,0,97,3,0,100,2540,16
5349,80,66,134,111,50,53,110,98,26,106,12,97,3,0,100,2540,16
5350,81,66,134,110,50,54,111,98,26,106,12,97,3,255,100,2540,16
5351,81,66,134,110,50,54,111,98,26,104,12,97,3,0,100,2540,16
5352,82,66,134,109,50,55,112,98,26,104,12,97,3,255,100,2540,16
5353,82,66,134,109,50,55,112,98,26,103,13,97,3,0,100,2540,16
5354,82,66,134,109,50,56,113,98,26,103,13,97,3,255,100,2540,16
5355,82,66,134,109,50,56,113,98,26,101,13,97,3,0,100,2540,16
5356,83,66,134,108,50,57,114,98,26,101,13,97,3,255,100,2540,16
5357,83,66,134,108,50,57,114,98,26,99,14,97,3,0,100,2540,16
5358,84,66,134,107,50,58,115,98,26,99,14,97,3,255,100,2540,16
5359,84,66,134,107,50,58,115,98,25,98,14,97,3,3,101,2550,16
5360,85,66,134,106,50,59,116,98,25,98,14,97,3,255,101,2550,16
5361,85,66,134,106,50,59,116,98,24,98,15,97,3,3,101,2550,16
5362,85,66,134,106,50,60,117,98,24,98,15,97,3,255,101,2550,16
5363,85,66,134,106,50,60,117,98,23,98,15,97,3,3,101,2550,16
5364,86,66,134,105,50,61,118,98,23,98,15,97,3,255,101,2550,16
5365,86,66,134,105,50,61,118,98,22,98,16,97,3,3,101,2550,16
5366,87,66,134,104,50,62,119,98,22,98,16,97,3,255,101,2550,16
5367,87,66,134,104,50,62,119,98,21,98,16,97,3,3,101,2550,16
5368,88,66,134,103,50,63,120,98,21,98,16,97,3,255,101,2550,16
5369,88,66,134,103,50,63,120,98,19,98,0,97,3,3,102,2560,16
5370,88,66,134,103,50,63,120,98,19,98,0,97,3,3,102,2560,16
5371,88,66,134,103,50,63,120,98,19,98,0,97,3,3,102,2560,16
5372,88,66,134,103,50,63,120,98,19,98,0,97,3,3,102,2560,16
5373,88,66,134,103,50,63,120,98,19,98,0,97,3,3,102,2560,16
5374,88,66,134,103,50,63,120,98,19,98,0,97,3,3,102,2560,16
5375,88,66,134,103,50,63,120,98,19,98,0,97,3,3,102,2560,16
5376,88,66,134,103,50,63,120,98,19,98,0,97,3,3,102,2560,16
5377,88,66,134,103,50,63,120,98,19,98,0,97,3,3,102,2560,16
5378,88,66,134,103,50,63,120,98,19,98,0,97,3,3,102,2560,16
5379,88,66,134,103,50,63,120,98,19,98,0,97,3,3,102,2560,16
5380,88,66,134,103,50,63,120,98,19,98,0,97,3,3,102,2560,16
5381,88,66,134,103,50,63,120,98,19,98,0,97,3,3,102,2560,16
5382,88,66,134,103,50,63,120,98,19,98,0,97,3,3,102,2560,16
5383,88,66,134,103,50,63,120,98,19,98,0,97,3,3,102,2560,16
5384,88,66,134,103,50,63,120,98,19,98,0,97,3,3,102,2560,16
5385,88,66,134,103,50,63,120,98,19,98,0,97,3,3,102,2560,16
5386,88,66,134,103,50,63,120,98,19,98,0,97,3,3,102,2560,16
5387,88,66,134,103,50,63,120,98,19,98,0,97,3,3,102,2560,16
5388,88,66,134,103,50,63,120,98,19,98,0,97,3,3,102,2560,16
5389,88,66,134,103,50,63,120,98,19,98,0,97,3,3,102,2560,16
5390,88,66,134,103,50,63,120,98,19,98,0,97,3,3,102,2560,16
5391,88,66,134,103,50,63,120,98,19,98,0,97,3,3,102,2560,16
5392,88,66,134,103,50,63,120,98,19,98,0,97,3,3,102,2560,16
5393,88,66,134,103,50,63,120,98,20,98,0,97,3,1,102,2560,16
5394,88,66,134,103,50,64,121,98,20,98,0,97,3,1,102,2560,16
5395,88,66,134,103,50,64,121,98,21,98,0,97,3,1,102,2560,16
5396,89,66,134,102,50,65,122,98,21,98,0,97,3,1,102,2560,16
5397,89,66,134,102,50,65,122,98,22,98,0,97,3,1,102,2560,16
5398,90,66,134,101,50,66,122,98,22,98,0,97,3,1,102,2560,16
5399,90,66,134,101,50,66,122,98,23,98,0,97,3,1,102,2560,16
5400,91,66,134,100,50,67,123,98,23,98,0,97,3,1,102,2560,16
5401,91,66,134,100,50,67,123,98,25,98,0,97,3,1,102,2560,16
5402,91,66,134,100,50,68,124,98,25,98,0,97,3,1,102,2560,16
5403,91,66,134,100,50,68,124,98,26,98,0,97,3,1,102,2560,16
5404,92,66,134,99,50,69,125,98,26,98,0,97,3,1,102,2560,16
5405,92,66,134,99,50,69,125,98,26,98,0,97,3,1,102,2560,16
5406,93,66,134,98,50,70,126,98,26,98,0,97,3,1,102,2560,16
5407,93,66,134,98,50,70,126,98,26,96,0,97,3,0,102,2560,16
5408,94,66,134,97,50,71,127,98,26,96,0,97,3,0,102,2560,16
5409,94,66,134,97,50,71,127,98,26,94,0,97,3,0,102,2560,16
5410,94,66,134,97,50,72,128,98,26,94,0,97,3,0,102,2560,16
5411,94,66,134,97,50,72,128,98,26,92,0,97,3,0,102,2560,16
5412,95,66,134,96,50,73,129,98,26,92,0,97,3,0,102,2560,16
5413,95,66,134,96,50,73,129,98,26,90,0,97,3,0,102,2560,16
5414,96,66,134,95,50,74,130,98,26,90,0,97,3,0,102,2560,16
5415,96,66,134,95,50,74,130,98,26,88,0,97,3,0,102,2560,16
5416,97,66,134,94,50,75,131,98,26,88,0,97,3,0,102,2560,16
5417,97,66,134,94,50,75,131,98,26,86,0,97,3,0,103,2570,16
5418,97,66,134,94,50,76,132,98,26,86,0,97,3,0,103,2570,16
5419,97,66,134,94,50,76,132,98,26,84,0,97,3,0,103,2570,16
5420,98,66,134,93,50,77,133,98,26,84,0,97,3,0,103,2570,16
5421,98,66,134,93,50,77,133,98,26,83,0,97,3,0,103,2570,16
5422,99,66,134,92,50,78,134,98,26,83,0,97,3,0,103,2570,16
5423,99,66,134,92,50,78,134,98,26,81,0,97,3,0,103,2570,16
5424,100,66,134,91,50,79,135,98,26,81,0,97,3,0,103,2570,16
5425,100,66,134,91,50,79,135,98,26,80,0,97,3,0,103,2570,16
5426,100,66,134,91,50,80,136,98,26,80,0,97,3,0,103,2570,16
5427,100,66,134,91,50,80,136,98,26,78,0,97,3,0,103,2570,16
5428,101,66,134,90,50,81,137,98,26,78,0,97,3,0,103,2570,16
5429,101,66,134,90,50,81,137,98,26,76,0,97,3,0,103,2570,16
5430,102,66,134,89,50,82,138,98,26,76,0,97,3,0,103,2570,16
5431,102,66,134,89,50,82,138,98,26,74,0,97,3,0,104,2580,16
5432,103,66,134,88,50,83,139,98,26,74,0,97,3,0,104,2580,16
5433,103,66,134,88,50,83,139,98,26,73,0,97,3,0,104,2580,16
5434,103,66,134,88,50,84,140,98,26,73,0,97,3,0,104,2580,16
5435,103,66,134,88,50,84,140,98,26,71,0,97,3,0,104,2580,16
5436,104,66,134,87,50,85,141,98,26,71,0,97,3,0,104,2580,16
5437,104,66,134,87,50,85,141,98,26,70,0,97,3,0,104,2580,16
5438,105,66,134,86,50,86,142,98,26,70,0,97,3,0,104,2580,16
5439,105,66,134,86,50,86,142,98,26,68,0,97,3,0,104,2580,16
5440,106,66,134,85,50,87,143,98,26,68,0,97,3,0,104,2580,16
5441,106,66,134,85,50,87,143,98,26,66,0,97,3,0,104,2580,16
5442,106,66,134,85,50,88,144,98,26,66,0,97,3,0,104,2580,16
5443,106,66,134,85,50,88,144,98,26,64,0,97,3,0,104,2580,16
5444,107,66,134,84,50,89,145,98,26,64,0,97,3,0,104,2580,16
5445,107,66,134,84,50,89,145,98,26,62,0,97,3,0,105,2590,16
5446,108,66,134,83,50,90,146,98,26,62,0,97,3,0,105,2590,16
5447,108,66,134,83,50,90,146,98,26,60,0,97,3,0,105,2590,16
5448,109,66,134,82,50,91,147,98,26,60,0,97,3,0,105,2590,16
5449,109,66,134,82,50,91,147,98,26,59,0,97,3,0,105,2590,16
5450,109,66,134,82,50,92,148,98,26,59,0,97,3,0,105,2590,16
5451,109,66,134,82,50,92,148,98,26,57,0,97,3,0,105,2590,16
5452,110,66,134,81,50,93,149,98,26,57,0,97,3,0,105,2590,16
5453,110,66,134,81,50,93,149,98,26,56,0,97,3,0,105,2590,16
5454,110,66,134,80,51,94,150,98,26,56,0,97,3,0,105,2590,16
5455,110,66,134,80,51,94,150,98,26,54,0,97,3,0,105,2590,16
5456,110,66,134,79,52,95,151,98,26,54,0,97,3,0,105,2590,16
5457,110,66,134,79,52,95,151,98,26,52,0,97,3,0,105,2590,16
5458,110,66,134,79,53,96,152,98,26,52,0,97,3,0,105,2590,16
5459,110,66,134,79,53,96,152,98,26,50,0,97,3,0,106,2600,16
5460,110,66,134,78,54,97,153,98,26,50,0,97,3,0,106,2600,16
5461,110,66,134,78,54,97,153,98,25,50,0,97,3,3,106,2600,16
5462,110,66,134,77,55,98,154,98,25,50,0,97,3,3,106,2600,16
5463,110,66,134,77,55,98,154,98,24,50,0,97,3,3,106,2600,16
5464,110,65,134,76,56,98,155,98,24,50,0,97,3,3,106,2600,16
5465,110,65,134,76,56,98,155,98,23,50,0,97,3,3,106,2600,16
5466,110,65,134,76,57,98,156,98,23,50,0,97,3,3,106,2600,16
5467,110,65,134,76,57,98,156,98,22,50,0,97,3,3,106,2600,16
5468,110,64,134,75,58,98,157,98,22,50,0,97,3,3,106,2600,16
5469,110,64,134,75,58,98,157,98,20,50,0,97,3,3,106,2600,16
5470,110,63,134,74,59,98,158,98,20,50,0,97,3,3,106,2600,16
5471,110,63,134,74,59,98,158,98,21,50,0,97,3,1,106,2600,16
5472,110,62,134,73,60,98,158,98,21,50,0,97,3,1,106,2600,16
5473,110,62,134,73,60,98,158,98,23,50,0,97,3,1,106,2600,16
5474,110,62,133,73,61,98,158,98,23,50,0,97,3,1,106,2600,16
5475,110,62,133,73,61,98,158,98,24,50,0,97,3,1,106,2600,16
5476,110,61,132,72,62,98,158,98,24,50,0,97,3,1,106,2600,16
5477,110,61,132,72,62,98,158,98,26,50,0,97,3,1,106,2600,16
5478,110,60,131,71,63,98,158,98,26,50,0,97,3,1,106,2600,16
5479,110,60,131,71,63,98,158,98,26,50,0,97,3,1,106,2600,16
5480,110,59,130,70,64,98,158,98,26,50,0,97,3,1,106,2600,16
5481,110,59,130,70,64,98,158,98,26,50,0,97,3,1,106,2600,16
5482,110,59,130,70,65,98,158,98,26,50,0,97,3,1,106,2600,16
5483,110,59,130,70,65,98,158,98,26,50,0,97,3,1,106,2600,16
5484,110,58,129,69,66,98,158,98,26,50,0,97,3,1,106,2600,16
5485,110,58,129,69,66,98,158,98,24,50,0,97,3,3,106,2600,16
5486,110,57,128,68,67,98,158,98,24,50,0,97,3,3,106,2600,16
5487,110,57,128,68,67,98,158,98,23,50,0,97,3,3,106,2600,16
5488,110,56,127,67,68,98,158,98,23,50,0,97,3,3,106,2600,16
5489,110,56,127,67,68,98,158,98,21,50,0,97,3,3,106,2600,16
5490,110,56,127,67,69,98,158,98,21,50,0,97,3,3,106,2600,16
5491,110,56,127,67,69,98,158,98,20,50,0,97,3,3,106,2600,16
5492,110,55,126,66,70,98,158,98,20,50,0,97,3,3,106,2600,16
5493,110,55,126,66,70,98,158,98,18,50,0,97,3,3,107,2610,16
5494,110,54,126,66,71,98,158,97,18,50,0,97,3,3,107,2610,16
5495,110,54,126,66,71,98,158,97,17,50,0,97,3,3,107,2610,16
5496,110,53,125,66,72,98,158,96,17,50,0,97,3,3,107,2610,16
5497,110,53,125,66,72,98,158,96,18,50,0,97,3,1,107,2610,16
5498,110,53,125,66,73,98,158,95,18,50,0,97,3,1,107,2610,16
5499,110,53,125,66,73,98,158,95,19,50,0,97,3,1,107,2610,16
5500,110,52,124,66,74,98,158,94,19,50,0,97,3,1,107,2610,16
5501,110,52,124,66,74,98,158,94,20,50,0,97,3,1,107,2610,16
5502,110,51,123,66,75,98,158,93,20,50,0,97,3,1,107,2610,16
5503,110,51,123,66,75,98,158,93,21,50,0,97,3,1,107,2610,16
5504,110,50,122,66,76,98,158,92,21,50,0,97,3,1,107,2610,16
5505,110,50,122,66,76,98,158,92,23,50,0,97,3,1,107,2610,16
5506,110,50,122,66,77,98,158,91,23,50,0,97,3,1,107,2610,16
5507,110,50,122,66,77,98,158,91,24,50,0,97,3,1,107,2610,16
5508,110,49,121,66,78,98,158,90,24,50,0,97,3,1,107,2610,16
5509,110,49,121,66,78,98,158,90,26,50,0,97,3,1,107,2610,16
5510,110,48,120,66,79,98,158,89,26,50,0,97,3,1,107,2610,16
5511,110,48,120,66,79,98,158,89,26,48,0,97,3,0,107,2610,16
5512,110,47,119,66,80,98,158,88,26,48,0,97,3,0,107,2610,16
5513,110,47,119,66,80,98,158,88,26,46,0,97,3,0,107,2610,16
5514,110,47,119,66,81,98,158,87,26,46,0,97,3,0,107,2610,16
5515,110,47,119,66,81,98,158,87,26,44,0,97,3,0,107,2610,16
5516,110,46,118,66,82,98,158,86,26,44,0,97,3,0,107,2610,16
5517,110,46,118,66,82,98,158,86,26,42,0,97,3,0,107,2610,16
5518,110,45,118,66,83,98,158,85,26,42,0,97,3,0,107,2610,16
5519,110,45,118,66,83,98,158,85,26,40,0,97,3,0,107,2610,16
5520,110,44,117,66,84,98,158,84,26,40,0,97,3,0,107,2610,16
5521,110,44,117,66,84,98,158,84,26,38,0,97,3,0,108,2610,16
5522,110,44,117,66,85,98,158,83,26,38,0,97,3,0,108,2610,16
5523,110,44,117,66,85,98,158,83,26,36,0,97,3,0,108,2610,16
5524,110,43,116,66,86,98,158,82,26,36,0,97,3,0,108,2610,16
5525,110,43,116,66,86,98,158,82,26,35,0,97,3,0,108,2610,16
5526,110,42,115,66,87,98,158,81,26,35,0,97,3,0,108,2610,16
5527,110,42,115,66,87,98,158,81,26,37,0,97,3,2,108,2610,16
5528,110,42,114,66,88,99,158,80,26,37,0,97,3,2,108,2610,16
5529,110,42,114,66,88,99,158,80,26,38,0,97,3,2,108,2610,16
5530,110,42,114,66,89,100,158,79,26,38,0,97,3,2,108,2610,16
5531,110,42,114,66,89,100,158,79,26,40,0,97,3,2,108,2610,16
5532,110,42,113,66,90,101,158,78,26,40,0,97,3,2,108,2610,16
5533,110,42,113,66,90,101,158,78,26,42,0,97,3,2,108,2610,16
5534,110,42,112,66,91,102,158,77,26,42,0,97,3,2,108,2610,16
5535,110,42,112,66,91,102,158,77,26,44,0,97,3,2,108,2610,16
5536,110,42,111,66,92,103,158,76,26,44,0,97,3,2,108,2610,16
5537,110,42,111,66,92,103,158,76,26,46,0,97,3,2,108,2610,16
5538,110,42,111,66,93,104,158,75,26,46,0,97,3,2,108,2610,16
5539,110,42,111,66,93,104,158,75,26,48,0,97,3,2,108,2610,16
5540,110,42,110,66,94,105,158,74,26,48,0,97,3,2,108,2610,16
5541,110,42,110,66,94,105,158,74,26,50,0,97,3,2,108,2610,16
5542,110,42,110,66,95,106,158,73,26,50,0,97,3,2,108,2610,16
5543,110,42,110,66,95,106,158,73,26,52,0,97,3,2,108,2610,16
5544,110,42,109,66,96,107,158,72,26,52,0,97,3,2,108,2610,16
5545,110,42,109,66,96,107,158,72,26,54,0,97,3,2,108,2610,16
5546,110,42,109,66,97,108,158,71,26,54,0,97,3,2,108,2610,16
5547,110,42,109,66,97,108,158,71,26,56,0,97,3,2,108,2610,16
5548,110,42,108,66,98,109,158,70,26,56,0,97,3,2,108,2610,16
5549,110,42,108,66,98,109,158,70,26,58,0,97,3,2,108,2610,16
5550,111,42,107,66,98,110,158,69,26,58,0,97,3,2,108,2610,16
5551,111,42,107,66,98,110,158,69,26,60,0,97,3,2,108,2610,16
5552,112,42,106,66,98,111,158,68,26,60,0,97,3,2,108,2610,16
5553,112,42,106,66,98,111,158,68,26,62,0,97,3,2,108,2610,16
5554,112,42,106,66,98,112,158,67,26,62,0,97,3,2,108,2610,16
5555,112,42,106,66,98,112,158,67,26,64,0,97,3,2,108,2610,16
5556,113,42,105,66,98,113,158,66,26,64,0,97,3,2,108,2610,16
5557,113,42,105,66,98,113,158,66,26,66,0,97,3,2,108,2610,16
5558,114,42,104,66,98,114,158,65,26,66,0,97,3,2,108,2610,16
5559,114,42,104,66,98,114,158,65,26,68,0,97,3,2,108,2610,16
5560,115,42,103,66,98,115,158,64,26,68,0,97,3,2,108,2610,16
5561,115,42,103,66,98,115,158,64,26,70,0,97,3,2,108,2610,16
5562,115,42,103,66,98,116,158,63,26,70,0,97,3,2,108,2610,16
5563,115,42,103,66,98,116,158,63,26,72,0,97,3,2,108,2610,16
5564,116,42,102,66,98,117,158,62,26,72,0,97,3,2,108,2610,16
5565,116,42,102,66,98,117,158,62,26,74,0,97,3,2,108,2610,16
5566,117,42,102,66,98,118,158,61,26,74,0,97,3,2,108,2610,16
5567,117,42,102,66,98,118,158,61,27,74,0,97,3,1,108,2610,16
5568,118,42,101,66,98,119,158,60,27,74,0,97,3,1,108,2610,16
5569,118,42,101,66,98,119,158,60,29,74,0,97,3,1,108,2610,16
5570,118,42,101,66,98,120,158,59,29,74,0,97,3,1,108,2610,16
5571,118,42,101,66,98,120,158,59,30,74,0,97,3,1,108,2610,16
5572,119,42,100,66,98,121,158,58,30,74,0,97,3,1,108,2610,16
5573,119,42,100,66,98,121,158,58,32,74,0,97,3,1,109,2620,16
5574,120,42,99,66,98,122,158,57,32,74,0,97,3,1,109,2620,16
5575,120,42,99,66,98,122,158,57,33,74,0,97,3,1,109,2620,16
5576,121,41,98,66,98,122,158,56,33,74,0,97,3,1,109,2620,16
5577,121,41,98,66,98,122,158,56,34,74,0,97,3,1,109,2620,16
5578,121,41,98,66,98,122,158,55,34,74,0,97,3,1,109,2620,16
5579,121,41,98,66,98,122,158,55,35,74,0,97,3,1,109,2620,16
5580,122,40,97,66,98,122,158,54,35,74,0,97,3,1,109,2620,16
5581,122,40,97,66,98,122,158,54,36,74,0,97,3,1,109,2620,16
5582,123,39,96,66,98,122,158,53,36,74,0,97,3,1,109,2620,16
5583,123,39,96,66,98,122,158,53,37,74,0,97,3,1,109,2620,16
5584,124,38,95,66,98,122,158,52,37,74,0,97,3,1,109,2620,16
5585,124,38,95,66,98,122,158,52,39,74,0,97,3,1,109,2620,16
5586,124,38,95,66,98,122,158,51,39,74,0,97,3,1,109,2620,16
5587,124,38,95,66,98,122,158,51,40,74,0,97,3,1,110,2630,16
5588,125,37,94,66,98,122,158,50,40,74,0,97,3,1,110,2630,16
5589,125,37,94,66,98,122,158,50,41,74,0,97,3,1,110,2630,16
5590,126,36,93,65,98,122,158,50,41,74,0,97,3,1,110,2630,16
5591,126,36,93,65,98,122,158,50,42,74,0,97,3,1,110,2630,16
5592,127,35,92,64,98,122,158,50,42,74,0,97,3,1,110,2630,16
5593,127,35,92,64,98,122,158,50,43,74,0,97,3,1,110,2630,16
5594,127,35,92,64,98,122,158,50,43,74,0,97,3,1,110,2630,16
5595,127,35,92,64,98,122,158,50,44,74,0,97,3,1,110,2630,16
5596,128,34,91,63,98,122,158,50,44,74,0,97,3,1,110,2630,16
5597,128,34,91,63,98,122,158,50,46,74,0,97,3,1,110,2630,16
5598,129,33,90,62,98,122,158,50,46,74,0,97,3,1,110,2630,16
5599,129,33,90,62,98,122,158,50,47,74,0,97,3,1,110,2630,16
5600,130,32,89,61,98,122,158,50,47,74,0,97,3,1,110,2630,16
5601,130,32,89,61,98,122,158,50,49,74,0,97,3,1,111,2640,16
5602,130,32,89,61,98,122,158,50,49,74,0,97,3,1,111,2640,16
5603,130,32,89,61,98,122,158,50,50,74,0,97,3,1,111,2640,16
5604,131,31,88,60,98,122,158,50,50,74,0,97,3,1,111,2640,16
5605,131,31,88,60,98,122,158,50,51,74,0,97,3,1,111,2640,16
5606,132,30,87,59,98,122,158,50,51,74,0,97,3,1,111,2640,16
5607,132,30,87,59,98,122,158,50,52,74,0,97,3,1,111,2640,16
5608,133,29,86,58,98,122,158,50,52,74,0,97,3,1,111,2640,16
5609,133,29,86,58,98,122,158,50,53,74,0,97,3,1,111,2640,16
5610,133,29,86,58,98,122,158,50,53,74,0,97,3,1,111,2640,16
5611,133,29,86,58,98,122,158,50,54,74,0,97,3,1,111,2640,16
5612,134,28,85,57,98,122,158,50,54,74,0,97,3,1,111,2640,16
5613,134,28,85,57,98,122,158,50,56,74,0,97,3,1,112,2650,16
5614,134,27,84,56,99,122,158,50,56,74,0,97,3,1,112,2650,16
5615,134,27,84,56,99,122,158,50,57,74,0,97,3,1,112,2650,16
5616,134,26,83,55,100,122,158,50,57,74,0,97,3,1,112,2650,16
5617,134,26,83,55,100,122,158,50,58,74,0,97,3,1,112,2650,16
5618,134,26,83,55,101,122,158,50,58,74,0,97,3,1,112,2650,16
5619,134,26,83,55,101,122,158,50,59,74,0,97,3,1,112,2650,16
5620,134,25,82,54,102,122,158,50,59,74,0,97,3,1,112,2650,16
5621,134,25,82,54,102,122,158,50,60,74,0,97,3,1,112,2650,16
5622,134,24,81,53,103,122,158,50,60,74,0,97,3,1,112,2650,16
5623,134,24,81,53,103,122,158,50,61,74,0,97,3,1,112,2650,16
5624,134,23,80,52,104,122,158,50,61,74,0,97,3,1,112,2650,16
5625,134,23,80,52,104,122,158,50,63,74,0,97,3,1,112,2650,16
5626,134,23,80,52,105,122,158,50,63,74,0,97,3,1,112,2650,16
5627,134,23,80,52,105,122,158,50,64,74,0,97,3,1,112,2650,16
5628,134,22,79,51,106,122,158,50,64,74,0,97,3,1,112,2650,16
5629,134,22,79,51,106,122,158,50,66,74,0,97,3,1,112,2650,16
5630,134,21,78,50,107,122,158,50,66,74,0,97,3,1,112,2650,16
5631,134,21,78,50,107,122,158,50,66,76,0,97,3,2,112,2650,16
5632,134,20,77,49,108,122,158,50,66,76,0,97,3,2,112,2650,16
5633,134,20,77,49,108,122,158,50,66,78,0,97,3,2,112,2650,16
5634,134,20,77,49,109,122,158,50,66,78,0,97,3,2,112,2650,16
5635,134,20,77,49,109,122,158,50,66,80,0,97,3,2,112,2650,16
5636,134,19,76,48,110,122,158,50,66,80,0,97,3,2,112,2650,16
5637,134,19,76,48,110,122,158,50,66,82,0,97,3,2,112,2650,16
5638,134,18,75,47,111,122,158,50,66,82,0,97,3,2,112,2650,16
5639,134,18,75,47,111,122,158,50,66,84,0,97,3,2,112,2650,16
5640,134,18,74,46,112,123,158,50,66,84,0,97,3,2,112,2650,16
5641,134,18,74,46,112,123,158,50,66,86,0,97,3,2,112,2650,16
5642,134,18,74,46,113,124,158,50,66,86,0,97,3,2,112,2650,16
5643,134,18,74,46,113,124,158,50,66,88,0,97,3,2,112,2650,16
5644,134,18,73,45,114,125,158,50,66,88,0,97,3,2,112,2650,16
5645,134,18,73,45,114,125,158,50,66,90,0,97,3,2,112,2650,16
5646,134,18,72,44,115,126,158,50,66,90,0,97,3,2,112,2650,16
5647,134,18,72,44,115,126,158,50,66,92,0,97,3,2,112,2650,16
5648,134,18,71,43,116,127,158,50,66,92,0,97,3,2,112,2650,16
5649,134,18,71,43,116,127,158,50,66,94,0,97,3,2,112,2650,16
5650,134,18,71,43,117,128,158,50,66,94,0,97,3,2,112,2650,16
5651,134,18,71,43,117,128,158,50,66,96,0,97,3,2,112,2650,16
5652,134,18,70,42,118,129,158,50,66,96,0,97,3,2,112,2650,16
5653,134,18,70,42,118,129,158,50,66,98,0,97,3,2,112,2650,16
5654,134,18,69,42,119,130,158,49,66,98,0,97,3,2,112,2650,16
5655,134,18,69,42,119,130,158,49,65,98,0,97,3,3,112,2650,16
5656,134,18,68,42,120,131,158,48,65,98,0,97,3,3,112,2650,16
5657,134,18,68,42,120,131,158,48,63,98,0,97,3,3,112,2650,16
5658,134,18,68,42,121,132,158,47,63,98,0,97,3,3,112,2650,16
5659,134,18,68,42,121,132,158,47,62,98,0,97,3,3,112,2650,16
5660,134,18,67,42,122,133,158,46,62,98,0,97,3,3,112,2650,16
5661,134,18,67,42,122,133,158,46,60,98,0,97,3,3,112,2650,16
5662,135,18,66,42,122,134,158,45,60,98,0,97,3,3,112,2650,16
5663,135,18,66,42,122,134,158,45,59,98,0,97,3,3,113,2660,16
5664,136,18,65,42,122,134,158,44,59,98,0,97,3,3,113,2660,16
5665,136,18,65,42,122,134,158,44,58,98,0,97,3,3,113,2660,16
5666,136,18,65,42,122,135,158,43,58,98,0,97,3,3,113,2660,16
5667,136,18,65,42,122,135,158,43,57,98,0,97,3,3,113,2660,16
5668,137,18,64,42,122,136,158,42,57,98,0,97,3,3,113,2660,16
5669,137,18,64,42,122,136,158,42,56,98,0,97,3,3,113,2660,16
5670,138,18,63,42,122,137,158,41,56,98,0,97,3,3,113,2660,16
5671,138,18,63,42,122,137,158,41,55,98,0,97,3,3,113,2660,16
5672,139,18,62,42,122,138,158,40,55,98,0,97,3,3,113,2660,16
5673,139,18,62,42,122,138,158,40,53,98,0,97,3,3,113,2660,16
5674,139,18,62,42,122,139,158,39,53,98,0,97,3,3,113,2660,16
5675,139,18,62,42,122,139,158,39,52,98,0,97,3,3,113,2660,16
5676,140,18,61,42,122,140,158,38,52,98,0,97,3,3,113,2660,16
5677,140,18,61,42,122,140,158,38,50,98,0,97,3,3,114,2670,16
5678,141,18,60,42,122,141,158,37,50,98,0,97,3,3,114,2670,16
5679,141,18,60,42,122,141,158,37,49,98,0,97,3,3,114,2670,16
5680,142,18,59,42,122,142,158,36,49,98,0,97,3,3,114,2670,16
5681,142,18,59,42,122,142,158,36,48,98,0,97,3,3,114,2670,16
5682,142,18,59,42,122,143,158,35,48,98,0,97,3,3,114,2670,16
5683,142,18,59,42,122,143,158,35,47,98,0,97,3,3,114,2670,16
5684,143,18,58,42,122,144,158,34,47,98,0,97,3,3,114,2670,16
5685,143,18,58,42,122,144,158,34,46,98,0,97,3,3,114,2670,16
5686,144,18,57,42,122,145,158,33,46,98,0,97,3,3,114,2670,16
5687,144,18,57,42,122,145,158,33,45,98,0,97,3,3,114,2670,16
5688,145,18,56,42,122,146,158,32,45,98,0,97,3,3,114,2670,16
5689,145,18,56,42,122,146,158,32,43,98,0,97,3,3,115,2680,16
5690,145,18,56,42,122,147,158,31,43,98,0,97,3,3,115,2680,16
5691,145,18,56,42,122,147,158,31,42,98,0,97,3,3,115,2680,16
5692,146,18,55,42,122,148,158,30,42,98,0,97,3,3,115,2680,16
5693,146,18,55,42,122,148,158,30,42,99,0,97,3,2,115,2680,16
5694,147,18,54,42,122,149,158,29,42,99,0,97,3,2,115,2680,16
5695,147,18,54,42,122,149,158,29,42,101,0,97,3,2,115,2680,16
5696,148,18,53,42,122,150,158,28,42,101,0,97,3,2,115,2680,16
5697,148,18,53,42,122,150,158,28,42,102,0,97,3,2,115,2680,16
5698,148,18,53,42,122,151,158,27,42,102,0,97,3,2,115,2680,16
5699,148,18,53,42,122,151,158,27,42,104,0,97,3,2,115,2680,16
5700,149,18,52,42,122,152,158,26,42,104,0,97,3,2,115,2680,16
5701,149,18,52,42,122,152,158,26,42,106,0,97,3,2,116,2690,16
5702,150,18,51,41,122,153,158,26,42,106,0,97,3,2,116,2690,16
5703,150,18,51,41,122,153,158,26,42,108,0,97,3,2,116,2690,16
5704,151,18,50,40,122,154,158,26,42,108,0,97,3,2,116,2690,16
5705,151,18,50,40,122,154,158,26,42,109,0,97,3,2,116,2690,16
5706,151,18,50,40,122,155,158,26,42,109,0,97,3,2,116,2690,16
5707,151,18,50,40,122,155,158,26,42,111,0,97,3,2,116,2690,16
5708,152,18,49,39,122,156,158,26,42,111,0,97,3,2,116,2690,16
5709,152,18,49,39,122,156,158,26,42,112,0,97,3,2,116,2690,16
5710,153,18,48,38,122,157,158,26,42,112,0,97,3,2,116,2690,16
5711,153,18,48,38,122,157,158,26,42,114,0,97,3,2,116,2690,16
5712,154,18,47,37,122,158,158,26,42,114,0,97,3,2,116,2690,16
5713,154,18,47,37,122,158,158,26,42,116,0,97,3,2,116,2690,16
5714,154,19,47,37,122,158,158,26,42,116,0,97,3,2,116,2690,16
5715,154,19,47,37,122,158,158,26,42,118,0,97,3,2,117,2700,16
5716,155,20,46,36,122,158,158,26,42,118,0,97,3,2,117,2700,16
5717,155,20,46,36,122,158,158,26,42,119,0,97,3,2,117,2700,16
5718,156,21,45,35,122,158,158,26,42,119,0,97,3,2,117,2700,16
5719,156,21,45,35,122,158,158,26,42,121,0,97,3,2,117,2700,16
5720,157,22,44,34,122,158,158,26,42,121,0,97,3,2,117,2700,16
5721,157,22,44,34,122,158,158,26,42,122,0,97,3,2,117,2700,16
5722,157,22,44,34,122,158,158,26,42,122,0,97,3,2,117,2700,16
5723,157,22,44,34,122,158,158,26,41,122,0,97,3,3,117,2700,16
5724,158,23,43,33,122,158,158,26,41,122,0,97,3,3,117,2700,16
5725,158,23,43,33,122,158,158,26,39,122,0,97,3,3,117,2700,16
5726,158,24,42,32,123,158,158,26,39,122,0,97,3,3,117,2700,16
5727,158,24,42,32,123,158,158,26,38,122,0,97,3,3,117,2700,16
5728,158,25,41,31,124,158,158,26,38,122,0,97,3,3,117,2700,16
5729,158,25,41,31,124,158,158,26,36,122,0,97,3,3,117,2700,16
5730,158,25,41,31,125,158,158,26,36,122,0,97,3,3,117,2700,16
5731,158,25,41,31,125,158,158,26,35,122,0,97,3,3,118,2700,16
5732,158,26,40,30,126,158,158,26,35,122,0,97,3,3,118,2700,16
5733,158,26,40,30,126,158,158,26,34,122,0,97,3,3,118,2700,16
5734,158,27,39,29,127,158,158,26,34,122,0,97,3,3,118,2700,16
5735,158,27,39,29,127,158,158,26,35,122,0,97,3,1,118,2700,16
5736,158,28,38,28,128,158,158,26,35,122,0,97,3,1,118,2700,16
5737,158,28,38,28,128,158,158,26,36,122,0,97,3,1,118,2700,16
5738,158,28,38,28,129,158,158,26,36,122,0,97,3,1,118,2700,16
5739,158,28,38,28,129,158,158,26,37,122,0,97,3,1,118,2700,16
5740,158,29,37,27,130,158,158,26,37,122,0,97,3,1,118,2700,16
5741,158,29,37,27,130,158,158,26,39,122,0,97,3,1,118,2700,16
5742,158,30,36,26,131,158,158,26,39,122,0,97,3,1,118,2700,16
5743,158,30,36,26,131,158,158,26,40,122,0,97,3,1,118,2700,16
5744,158,31,35,25,132,158,158,26,40,122,0,97,3,1,118,2700,16
5745,158,31,35,25,132,158,158,26,42,122,0,97,3,1,118,2700,16
5746,158,31,35,25,133,158,158,26,42,122,0,97,3,1,118,2700,16
5747,158,31,35,25,133,158,158,26,42,124,0,97,3,2,118,2700,16
5748,158,32,33,24,134,158,158,26,42,124,0,97,3,2,118,2700,16
5749,158,32,33,24,134,158,158,26,42,126,0,97,3,2,118,2700,16
5750,158,33,32,22,135,158,158,26,42,126,0,97,3,2,118,2700,16
5751,158,33,32,22,135,158,158,26,42,128,0,97,3,2,118,2700,16
5752,158,34,31,21,137,158,158,26,42,128,0,97,3,2,118,2700,16
5753,158,34,31,21,137,158,158,26,42,130,0,97,3,2,119,2710,16
5754,158,35,30,19,138,158,158,26,42,130,0,97,3,2,119,2710,16
5755,158,35,30,19,138,158,158,26,42,132,0,97,3,2,119,2710,16
5756,158,36,28,18,140,158,158,26,42,132,0,97,3,2,119,2710,16
5757,158,36,28,18,140,158,158,26,42,133,0,97,3,2,119,2710,16
5758,158,37,27,18,141,158,158,25,42,133,0,97,3,2,119,2710,16
5759,158,37,27,18,141,158,158,25,42,135,0,97,3,2,119,2710,16
5760,158,39,26,18,143,158,158,23,42,135,0,97,3,2,119,2710,16
5761,158,39,26,18,143,158,158,23,42,136,0,97,3,2,119,2710,16
5762,158,40,25,18,144,158,158,21,42,136,0,97,3,2,119,2710,16
5763,158,40,25,18,144,158,158,21,42,138,0,97,3,2,119,2710,16
5764,158,41,23,18,146,158,158,19,42,138,0,97,3,2,119,2710,16
5765,158,41,23,18,146,158,158,19,42,140,0,97,3,2,119,2710,16
5766,158,42,22,18,147,158,158,17,42,140,0,97,3,2,119,2710,16
5767,158,42,22,18,147,158,158,17,42,142,0,97,3,2,120,2720,16
5768,158,42,21,18,149,157,158,15,42,142,0,97,3,2,120,2720,16
5769,158,42,21,18,149,157,158,15,42,143,0,97,3,2,120,2720,16
5770,158,42,20,18,150,155,158,13,42,143,0,97,3,2,120,2720,16
5771,158,42,20,18,150,155,158,13,42,145,0,97,3,2,120,2720,16
5772,158,42,18,18,152,154,158,11,42,145,0,97,3,2,120,2720,16
5773,158,42,18,18,152,154,158,11,42,146,0,97,3,2,120,2720,16
5774,158,42,18,18,153,152,156,10,42,146,0,97,3,2,120,2720,16
5775,158,42,18,18,153,152,156,10,42,144,0,97,3,0,120,2720,16
5776,158,42,18,18,155,150,155,8,42,144,0,97,3,0,120,2720,16
5777,158,42,18,18,155,150,155,8,42,142,0,97,3,0,120,2720,16
5778,158,42,18,18,156,148,153,6,42,142,0,97,3,0,120,2720,16
5779,158,42,18,18,156,148,153,6,42,140,0,97,3,0,120,2720,16
5780,158,42,18,18,158,147,151,4,42,140,0,97,3,0,120,2720,16
5781,158,42,18,18,158,147,151,4,42,138,0,97,3,0,120,2720,16
5782,158,42,18,18,158,145,149,2,42,138,0,97,3,0,120,2720,16
5783,158,42,18,18,158,145,149,2,42,136,0,97,3,0,120,2720,16
5784,158,42,18,19,158,144,148,2,42,136,0,97,3,0,120,2720,16
5785,158,42,18,19,158,144,148,2,42,134,0,97,3,0,120,2720,16
5786,157,42,18,21,158,142,146,2,42,134,0,97,3,0,120,2720,16
5787,157,42,18,21,158,142,146,2,42,132,0,97,3,0,120,2720,16
5788,156,42,18,22,158,141,144,2,42,132,0,97,3,0,120,2720,16
5789,156,42,18,22,158,141,144,2,42,130,0,97,3,0,120,2720,16
5790,155,42,18,23,158,139,142,2,42,130,0,97,3,0,120,2720,16
5791,155,42,18,23,158,139,142,2,42,128,0,97,3,0,120,2720,16
5792,154,42,18,24,158,137,141,2,42,128,0,97,3,0,120,2720,16
5793,154,42,18,24,158,137,141,2,42,126,0,97,3,0,120,2720,16
5794,153,42,18,26,158,135,139,2,42,126,0,97,3,0,120,2720,16
5795,153,42,18,26,158,135,139,2,42,124,0,97,3,0,120,2720,16
5796,152,42,18,27,158,134,137,2,42,124,0,97,3,0,120,2720,16
5797,152,42,18,27,158,134,137,2,42,122,0,97,3,0,120,2720,16
5798,151,42,18,29,158,132,135,2,42,122,0,97,3,0,120,2720,16
5799,151,42,18,29,158,132,135,2,42,120,0,97,3,0,120,2720,16
5800,150,42,18,30,158,131,134,2,42,120,0,97,3,0,120,2720,16
5801,150,42,18,30,158,131,134,2,42,118,0,97,3,0,120,2720,16
5802,150,42,18,32,158,129,132,2,42,118,0,97,3,0,120,2720,16
5803,150,42,18,32,158,129,132,2,42,116,0,97,3,0,120,2720,16
5804,149,42,18,33,158,128,130,2,42,116,0,97,3,0,120,2720,16
5805,149,42,18,33,158,128,130,2,42,114,0,97,3,0,120,2720,16
5806,148,42,18,34,158,126,128,2,42,114,0,97,3,0,120,2720,16
5807,148,42,18,34,158,126,128,2,42,112,0,97,3,0,120,2720,16
5808,147,42,18,35,158,124,127,2,42,112,0,97,3,0,120,2720,16
5809,147,42,18,35,158,124,127,2,42,110,0,97,3,0,120,2720,16
5810,146,42,18,37,158,122,125,2,42,110,0,97,3,0,120,2720,16
5811,146,42,18,37,158,122,125,2,42,108,0,97,3,0,120,2720,16
5812,145,42,18,38,158,121,123,2,42,108,0,97,3,0,120,2720,16
5813,145,42,18,38,158,121,123,2,42,106,0,97,3,0,120,2720,16
5814,144,42,19,40,158,119,122,2,42,106,0,97,3,0,120,2720,16
5815,144,42,19,40,158,119,122,2,42,104,0,97,3,0,120,2720,16
5816,143,42,20,41,158,118,122,2,42,104,0,97,3,0,120,2720,16
5817,143,42,20,41,158,118,122,2,42,102,0,97,3,0,120,2720,16
5818,142,42,21,42,158,116,122,3,42,102,0,97,3,0,120,2720,16
5819,142,42,21,42,158,116,122,3,42,100,0,97,3,0,120,2720,16
5820,141,42,23,42,158,115,122,5,42,100,0,97,3,0,120,2720,16
5821,141,42,23,42,158,115,122,5,42,98,0,97,3,0,120,2720,16
5822,140,42,24,42,158,113,122,6,42,98,0,97,3,0,120,2720,16
5823,140,42,24,42,158,113,122,6,42,98,0,97,3,0,120,2720,16
5824,139,42,25,42,158,111,122,8,42,98,0,97,3,0,120,2720,16
5825,139,42,25,42,158,111,122,8,42,98,0,97,3,0,120,2720,16
5826,138,42,26,42,158,109,122,10,42,98,0,97,3,0,120,2720,16
5827,138,42,26,42,158,109,122,10,42,98,0,97,3,0,120,2720,16
5828,137,42,28,42,158,108,122,12,42,98,0,97,3,0,120,2720,16
5829,137,42,28,42,158,108,122,12,44,98,0,97,3,1,120,2720,16
5830,136,42,29,42,158,106,122,14,44,98,0,97,3,1,120,2720,16
5831,136,42,29,42,158,106,122,14,45,98,0,97,3,1,120,2720,16
5832,135,42,30,42,158,105,122,16,45,98,0,97,3,1,120,2720,16
5833,135,42,30,42,158,105,122,16,47,98,0,97,3,1,120,2720,16
5834,134,42,31,42,158,103,122,18,47,98,0,97,3,1,120,2720,16
5835,134,42,31,42,158,103,122,18,48,98,0,97,3,1,120,2720,16
5836,133,42,33,42,158,102,122,20,48,98,0,97,3,1,120,2720,16
5837,133,42,33,42,158,102,122,20,50,98,0,97,3,1,120,2720,16
5838,132,42,34,42,158,100,122,21,50,98,0,97,3,1,120,2720,16
5839,132,42,34,42,158,100,122,21,51,98,0,97,3,1,120,2720,16
5840,131,42,35,42,158,98,122,23,51,98,0,97,3,1,120,2720,16
5841,131,42,35,42,158,98,122,23,53,98,0,97,3,1,120,2720,16
5842,130,43,36,42,158,98,122,25,53,98,0,97,3,1,120,2720,16
5843,130,43,36,42,158,98,122,25,54,98,0,97,3,1,120,2720,16
5844,129,44,38,42,158,98,122,27,54,98,0,97,3,1,120,2720,16
5845,129,44,38,42,158,98,122,27,56,98,0,97,3,1,120,2720,16
5846,128,45,39,42,158,98,122,29,56,98,0,97,3,1,120,2720,16
5847,128,45,39,42,158,98,122,29,57,98,0,97,3,1,120,2720,16
5848,127,46,40,42,158,98,122,31,57,98,0,97,3,1,120,2720,16
5849,127,46,40,42,158,98,122,31,58,99,0,97,3,2,120,2720,16
5850,126,47,41,42,158,98,122,33,58,99,0,97,3,2,120,2720,16
5851,126,47,41,42,158,98,122,33,58,101,0,97,3,2,120,2720,16
5852,126,48,42,42,158,98,121,35,58,101,0,97,3,2,120,2720,16
5853,126,48,42,42,158,98,121,35,58,103,0,97,3,2,120,2720,16
5854,125,49,42,42,158,98,119,36,58,103,0,97,3,2,120,2720,16
5855,125,49,42,42,158,98,119,36,58,105,0,97,3,2,120,2720,16
5856,124,51,42,42,158,98,118,38,58,105,0,97,3,2,120,2720,16
5857,124,51,42,42,158,98,118,38,58,107,0,97,3,2,121,2730,16
5858,123,52,42,42,158,98,116,40,58,107,0,97,3,2,121,2730,16
5859,123,52,42,42,158,98,116,40,58,109,0,97,3,2,121,2730,16
5860,122,53,42,42,158,98,114,42,58,109,0,97,3,2,121,2730,16
5861,122,53,42,42,158,98,114,42,58,110,0,97,3,2,121,2730,16
5862,121,54,42,42,158,98,112,44,58,110,0,97,3,2,121,2730,16
5863,121,54,42,42,158,98,112,44,58,112,0,97,3,2,121,2730,16
5864,120,55,42,42,158,98,111,46,58,112,0,97,3,2,121,2730,16
5865,120,55,42,42,158,98,111,46,58,113,0,97,3,2,121,2730,16
5866,119,56,42,42,158,98,109,48,58,113,0,97,3,2,121,2730,16
5867,119,56,42,42,158,98,109,48,58,115,0,97,3,2,121,2730,16
5868,118,57,42,42,158,98,107,50,58,115,0,97,3,2,121,2730,16
5869,118,57,42,42,158,98,107,50,58,117,0,97,3,2,121,2730,16
5870,118,58,42,43,158,98,105,50,58,117,0,97,3,2,121,2730,16
5871,118,58,42,43,158,98,105,50,58,119,0,97,3,2,122,2740,16
5872,118,58,42,44,158,100,104,50,58,119,0,97,3,2,122,2740,16
5873,118,58,42,44,158,100,104,50,58,120,0,97,3,2,122,2740,16
5874,117,58,42,46,158,102,102,50,58,120,0,97,3,2,122,2740,16
5875,117,58,42,46,158,102,102,50,58,122,0,97,3,2,122,2740,16
5876,116,58,42,47,158,103,100,50,58,122,0,97,3,2,122,2740,16
5877,116,58,42,47,158,103,100,50,58,123,0,97,3,2,122,2740,16
5878,115,58,42,49,158,105,98,50,58,123,0,97,3,2,122,2740,16
5879,115,58,42,49,158,105,98,50,58,125,0,97,3,2,122,2740,16
5880,114,58,43,50,158,106,98,50,58,125,0,97,3,2,122,2740,16
5881,114,58,43,50,158,106,98,50,58,127,0,97,3,2,122,2740,16
5882,113,58,44,52,158,108,98,50,58,127,0,97,3,2,122,2740,16
5883,113,58,44,52,158,108,98,50,58,129,0,97,3,2,122,2740,16
5884,112,58,46,53,158,109,98,50,58,129,0,97,3,2,122,2740,16
5885,112,58,46,53,158,109,98,50,58,131,0,97,3,2,123,2750,16
5886,111,58,47,54,158,111,98,50,58,131,0,97,3,2,123,2750,16
5887,111,58,47,54,158,111,98,50,58,133,0,97,3,2,123,2750,16
5888,110,58,48,55,158,113,98,50,58,133,0,97,3,2,123,2750,16
5889,110,58,48,55,158,113,98,50,58,134,0,97,3,2,123,2750,16
5890,109,58,49,57,158,115,98,50,58,134,0,97,3,2,123,2750,16
5891,109,58,49,57,158,115,98,50,59,134,0,97,3,1,123,2750,16
5892,108,58,51,58,158,116,98,50,59,134,0,97,3,1,123,2750,16
5893,108,58,51,58,158,116,98,50,60,134,0,97,3,1,123,2750,16
5894,107,58,52,60,158,118,98,50,60,134,0,97,3,1,123,2750,16
5895,107,58,52,60,158,118,98,50,61,134,0,97,3,1,123,2750,16
5896,106,58,53,61,158,119,98,50,61,134,0,97,3,1,123,2750,16
5897,106,58,53,61,158,119,98,50,63,134,0,97,3,1,123,2750,16
5898,105,58,54,63,158,121,98,50,63,134,0,97,3,1,123,2750,16
5899,105,58,54,63,158,121,98,50,64,134,0,97,3,1,124,2760,16
5900,104,58,56,64,158,122,98,50,64,134,0,97,3,1,124,2760,16
5901,104,58,56,64,158,122,98,50,65,134,0,97,3,1,124,2760,16
5902,103,58,57,65,158,124,98,50,65,134,0,97,3,1,124,2760,16
5903,103,58,57,65,158,124,98,50,66,134,0,97,3,1,124,2760,16
5904,102,58,58,66,158,126,98,50,66,134,0,97,3,1,124,2760,16
5905,102,58,58,66,158,126,98,50,67,134,0,97,3,1,124,2760,16
5906,102,58,58,66,158,128,98,52,67,134,0,97,3,1,124,2760,16
5907,102,58,58,66,158,128,98,52,68,134,0,97,3,1,124,2760,16
5908,102,58,58,66,158,129,100,54,68,134,0,97,3,1,124,2760,16
5909,102,58,58,66,158,129,100,54,70,134,0,97,3,1,124,2760,16
5910,101,58,58,66,158,131,102,56,70,134,0,97,3,1,124,2760,16
5911,101,58,58,66,158,131,102,56,71,134,0,97,3,1,124,2760,16
5912,100,58,58,66,158,132,103,58,71,134,0,97,3,1,124,2760,16
5913,100,58,58,66,158,132,103,58,73,134,0,97,3,1,124,2760,16
5914,99,58,58,66,158,134,105,60,73,134,0,97,3,1,124,2760,16
5915,99,58,58,66,158,134,105,60,74,134,0,97,3,1,124,2760,16
5916,98,59,58,66,158,134,107,62,74,134,0,97,3,1,124,2760,16
5917,98,59,58,66,158,134,107,62,74,132,0,97,3,0,124,2760,16
5918,97,60,58,66,158,134,109,63,74,132,0,97,3,0,124,2760,16
5919,97,60,58,66,158,134,109,63,74,130,0,97,3,0,124,2760,16
5920,96,62,58,66,158,134,110,65,74,130,0,97,3,0,124,2760,16
5921,96,62,58,66,158,134,110,65,74,128,0,97,3,0,124,2760,16
5922,95,63,58,66,158,134,112,67,74,128,0,97,3,0,124,2760,16
5923,95,63,58,66,158,134,112,67,74,126,0,97,3,0,124,2760,16
5924,94,64,58,66,158,134,114,69,74,126,0,97,3,0,124,2760,16
5925,94,64,58,66,158,134,114,69,74,124,0,97,3,0,124,2760,16
5926,93,65,58,66,158,134,116,71,74,124,0,97,3,0,124,2760,16
5927,93,65,58,66,158,134,116,71,74,122,0,97,3,0,124,2760,16
5928,92,66,58,66,158,134,117,73,74,122,0,97,3,0,124,2760,16
5929,92,66,58,66,158,134,117,73,76,122,0,97,3,1,124,2760,16
5930,91,66,58,66,158,134,119,75,76,122,0,97,3,1,124,2760,16
5931,91,66,58,66,158,134,119,75,77,122,0,97,3,1,124,2760,16
5932,90,67,58,66,158,134,121,77,77,122,0,97,3,1,124,2760,16
5933,90,67,58,66,158,134,121,77,79,122,0,97,3,1,124,2760,16
5934,89,68,58,66,158,134,123,78,79,122,0,97,3,1,124,2760,16
5935,89,68,58,66,158,134,123,78,80,122,0,97,3,1,125,2770,16
5936,88,70,58,66,158,134,124,80,80,122,0,97,3,1,125,2770,16
5937,88,70,58,66,158,134,124,80,81,122,0,97,3,1,125,2770,16
5938,87,71,58,66,158,134,126,82,81,122,0,97,3,1,125,2770,16
5939,87,71,58,66,158,134,126,82,82,122,0,97,3,1,125,2770,16
5940,86,72,58,66,158,134,128,84,82,122,0,97,3,1,125,2770,16
5941,86,72,58,66,158,134,128,84,83,122,0,97,3,1,125,2770,16
5942,85,73,58,66,158,134,130,86,83,122,0,97,3,1,125,2770,16
5943,85,73,58,66,158,134,130,86,84,122,0,97,3,1,125,2770,16
5944,84,74,58,66,158,134,131,88,84,122,0,97,3,1,125,2770,16
5945,84,74,58,66,158,134,131,88,86,122,0,97,3,1,125,2770,16
5946,83,74,58,66,158,132,133,90,86,122,0,97,3,1,125,2770,16
5947,83,74,58,66,158,132,133,90,87,122,0,97,3,1,125,2770,16
5948,82,74,59,66,158,131,134,92,87,122,0,97,3,1,125,2770,16
5949,82,74,59,66,158,131,134,92,89,122,0,97,3,1,125,2770,16
5950,81,74,60,66,158,129,134,93,89,122,0,97,3,1,125,2770,16
5951,81,74,60,66,158,129,134,93,90,122,0,97,3,1,125,2770,16
5952,80,74,61,66,158,127,134,95,90,122,0,97,3,1,125,2770,16
5953,80,74,61,66,158,127,134,95,92,122,0,97,3,1,126,2780,16
5954,79,74,62,66,158,125,134,97,92,122,0,97,3,1,126,2780,16
5955,79,74,62,66,158,125,134,97,93,122,0,97,3,1,126,2780,16
5956,78,74,64,65,158,124,134,98,93,122,0,97,3,1,126,2780,16
5957,78,74,64,65,158,124,134,98,94,122,0,97,3,1,126,2780,16
5958,77,74,65,63,158,122,134,98,94,122,0,97,3,1,126,2780,16
5959,77,74,65,63,158,122,134,98,95,122,0,97,3,1,126,2780,16
5960,76,74,66,62,158,121,134,98,95,122,0,97,3,1,126,2780,16
5961,76,74,66,62,158,121,134,98,96,122,0,97,3,1,126,2780,16
5962,75,74,67,60,158,119,134,98,96,122,0,97,3,1,126,2780,16
5963,75,74,67,60,158,119,134,98,97,122,0,97,3,1,126,2780,16
5964,74,74,69,59,158,118,134,98,97,122,0,97,3,1,126,2780,16
5965,74,74,69,59,158,118,134,98,99,122,0,97,3,1,126,2780,16
5966,73,74,70,58,158,116,134,98,99,122,0,97,3,1,126,2780,16
5967,73,74,70,58,158,116,134,98,100,122,0,97,3,1,127,2790,16
5968,72,74,71,57,158,114,134,98,100,122,0,97,3,1,127,2790,16
5969,72,74,71,57,158,114,134,98,101,122,0,97,3,1,127,2790,16
5970,71,74,72,55,158,112,134,98,101,122,0,97,3,1,127,2790,16
5971,71,74,72,55,158,112,134,98,102,122,0,97,3,1,127,2790,16
5972,70,74,74,54,158,111,134,98,102,122,0,97,3,1,127,2790,16
5973,70,74,74,54,158,111,134,98,102,121,0,97,3,0,127,2790,16
5974,69,74,74,52,158,110,136,98,102,121,0,97,3,0,127,2790,16
5975,69,74,74,52,158,110,136,98,102,119,0,97,3,0,127,2790,16
5976,68,74,74,51,158,109,137,98,102,119,0,97,3,0,127,2790,16
5977,68,74,74,51,158,109,137,98,102,117,0,97,3,0,127,2790,16
5978,67,74,74,49,158,107,139,98,102,117,0,97,3,0,127,2790,16
5979,67,74,74,49,158,107,139,98,102,115,0,97,3,0,127,2790,16
5980,66,74,74,48,158,106,141,98,102,115,0,97,3,0,127,2790,16
5981,66,74,74,48,158,106,141,98,102,113,0,97,3,0,127,2790,16
5982,65,74,74,47,158,104,143,98,102,113,0,97,3,0,127,2790,16
5983,65,74,74,47,158,104,143,98,102,111,0,97,3,0,127,2790,16
5984,64,74,74,46,158,102,144,98,102,111,0,97,3,0,127,2790,16
5985,64,74,74,46,158,102,144,98,102,109,0,97,3,0,128,2790,16
5986,63,74,74,44,158,100,146,98,102,109,0,97,3,0,128,2790,16
5987,63,74,74,44,158,100,146,98,102,111,0,97,3,2,128,2790,16
5988,62,74,74,43,158,99,148,98,102,111,0,97,3,2,128,2790,16
5989,62,74,74,43,158,99,148,98,102,112,0,97,3,2,128,2790,16
5990,61,74,74,42,158,98,150,99,102,112,0,97,3,2,128,2790,16
5991,61,74,74,42,158,98,150,99,102,114,0,97,3,2,128,2790,16
5992,60,73,74,42,158,98,151,101,102,114,0,97,3,2,128,2790,16
5993,60,73,74,42,158,98,151,101,102,115,0,97,3,2,128,2790,16
5994,59,72,74,42,158,98,153,103,102,115,0,97,3,2,128,2790,16
5995,59,72,74,42,158,98,153,103,102,117,0,97,3,2,128,2790,16
5996,58,71,74,42,158,98,155,105,102,117,0,97,3,2,128,2790,16
5997,58,71,74,42,158,98,155,105,102,119,0,97,3,2,128,2790,16
5998,57,70,74,42,158,98,157,106,102,119,0,97,3,2,128,2790,16
5999,57,70,74,42,158,98,157,106,102,121,0,97,3,2,128,2790,16
6000,56,68,74,42,158,98,158,108,102,121,0,97,3,2,128,2790,16
6001,56,68,74,42,158,98,158,108,102,123,0,97,3,2,128,2790,16
6002,55,67,73,42,158,98,158,110,102,123,0,97,3,2,128,2790,16
6003,55,67,73,42,158,98,158,110,102,125,0,97,3,2,128,2790,16
6004,54,66,71,42,158,98,158,112,102,125,0,97,3,2,128,2790,16
6005,54,66,71,42,158,98,158,112,102,127,0,97,3,2,128,2790,16
6006,53,66,70,42,158,96,158,114,102,127,0,97,3,2,128,2790,16
6007,53,66,70,42,158,96,158,114,102,129,0,97,3,2,128,2790,16
6008,52,66,69,42,158,95,158,116,102,129,0,97,3,2,128,2790,16
6009,52,66,69,42,158,95,158,116,102,131,0,97,3,2,129,2800,16
6010,51,66,68,42,158,93,158,118,102,131,0,97,3,2,129,2800,16
6011,51,66,68,42,158,93,158,118,102,133,0,97,3,2,129,2800,16
6012,50,66,66,42,158,92,158,120,102,133,0,97,3,2,129,2800,16
6013,50,66,66,42,158,92,158,120,102,134,0,97,3,2,129,2800,16
6014,50,66,65,42,158,90,158,121,102,134,0,97,3,2,129,2800,16
6015,50,66,65,42,158,90,158,121,102,136,0,97,3,2,129,2800,16
6016,50,66,64,41,158,88,158,122,102,136,0,97,3,2,129,2800,16
6017,50,66,64,41,158,88,158,122,102,137,0,97,3,2,129,2800,16
6018,49,66,63,39,158,86,158,122,102,137,0,97,3,2,129,2800,16
6019,49,66,63,39,158,86,158,122,102,139,0,97,3,2,129,2800,16
6020,48,66,61,38,158,85,158,122,102,139,0,97,3,2,129,2800,16
6021,48,66,61,38,158,85,158,122,102,141,0,97,3,2,129,2800,16
6022,47,66,60,36,158,83,158,122,102,141,0,97,3,2,129,2800,16
6023,47,66,60,36,158,83,158,122,102,143,0,97,3,2,130,2810,16
6024,46,66,59,35,158,82,158,122,102,143,0,97,3,2,130,2810,16
6025,46,66,59,35,158,82,158,122,102,144,0,97,3,2,130,2810,16
6026,45,66,58,33,158,80,158,122,102,144,0,97,3,2,130,2810,16
6027,45,66,58,33,158,80,158,122,102,146,0,97,3,2,130,2810,16
6028,44,66,56,32,158,79,158,122,102,146,0,97,3,2,130,2810,16
6029,44,66,56,32,158,79,158,122,102,147,0,97,3,2,130,2810,16
6030,43,66,55,31,158,77,158,122,102,147,0,97,3,2,130,2810,16
6031,43,66,55,31,158,77,158,122,102,149,0,97,3,2,130,2810,16
6032,42,66,54,30,158,75,158,122,102,149,0,97,3,2,130,2810,16
6033,42,66,54,30,158,75,158,122,102,151,0,97,3,2,130,2810,16
6034,42,66,53,28,158,73,158,122,102,151,0,97,3,2,130,2810,16
6035,42,66,53,28,158,73,158,122,102,153,0,97,3,2,130,2810,16
6036,41,66,51,27,158,72,158,122,102,153,0,97,3,2,130,2810,16
6037,41,66,51,27,158,72,158,122,102,155,0,97,3,2,131,2820,16
6038,40,66,50,25,158,70,158,122,102,155,0,97,3,2,131,2820,16
6039,40,66,50,25,158,70,158,122,102,157,0,97,3,2,131,2820,16
6040,39,66,49,24,158,69,158,122,102,157,0,97,3,2,131,2820,16
6041,39,66,49,24,158,69,158,122,102,158,0,97,3,2,131,2820,16
6042,38,66,48,22,158,67,158,122,102,158,0,97,3,2,131,2820,16
6043,38,66,48,22,158,67,158,122,101,158,0,97,3,3,131,2820,16
6044,37,66,46,21,158,66,158,122,101,158,0,97,3,3,131,2820,16
6045,37,66,46,21,158,66,158,122,100,158,0,97,3,3,131,2820,16
6046,36,66,45,20,158,64,158,122,100,158,0,97,3,3,131,2820,16
6047,36,66,45,20,158,64,158,122,99,158,0,97,3,3,131,2820,16
6048,35,66,44,19,158,62,158,122,99,158,0,97,3,3,131,2820,16
6049,35,66,44,19,158,62,158,122,97,158,0,97,3,3,131,2820,16
6050,34,66,43,18,158,62,158,123,97,158,0,97,3,3,131,2820,16
6051,34,66,43,18,158,62,158,123,96,158,0,97,3,3,131,2820,16
6052,34,66,41,18,158,62,158,125,96,158,0,97,3,3,131,2820,16
6053,34,66,41,18,158,62,158,125,94,158,0,97,3,3,132,2830,16
6054,34,66,40,18,158,60,158,127,94,158,0,97,3,3,132,2830,16
6055,34,66,40,18,158,60,158,127,93,158,0,97,3,3,132,2830,16
6056,33,66,39,18,158,59,158,129,93,158,0,97,3,3,132,2830,16
6057,33,66,39,18,158,59,158,129,92,158,0,97,3,3,132,2830,16
6058,32,66,38,18,158,57,158,131,92,158,0,97,3,3,132,2830,16
6059,32,66,38,18,158,57,158,131,91,158,0,97,3,3,132,2830,16
6060,31,66,36,18,158,56,158,133,91,158,0,97,3,3,132,2830,16
6061,31,66,36,18,158,56,158,133,90,158,0,97,3,3,132,2830,16
6062,30,66,35,18,158,54,158,134,90,158,0,97,3,3,132,2830,16
6063,30,66,35,18,158,54,158,134,89,158,0,97,3,3,132,2830,16
6064,29,66,34,18,158,52,158,136,89,158,0,97,3,3,132,2830,16
6065,29,66,34,18,158,52,158,136,87,158,0,97,3,3,132,2830,16
6066,28,66,33,18,158,50,158,138,87,158,0,97,3,3,132,2830,16
6067,28,66,33,18,158,50,158,138,86,158,0,97,3,3,132,2830,16
6068,27,65,31,18,158,50,158,140,86,158,0,97,3,3,132,2830,16
6069,27,65,31,18,158,50,158,140,84,158,0,97,3,3,132,2830,16
6070,26,64,30,18,158,50,158,142,84,158,0,97,3,3,132,2830,16
6071,26,64,30,18,158,50,158,142,83,158,0,97,3,3,133,2840,16
6072,25,63,29,18,158,50,158,144,83,158,0,97,3,3,133,2840,16
6073,25,63,29,18,158,50,158,144,82,158,0,97,3,3,133,2840,16
6074,24,62,28,18,158,50,158,146,82,158,0,97,3,3,133,2840,16
6075,24,62,28,18,158,50,158,146,83,158,0,97,3,1,133,2840,16
6076,23,61,26,18,158,50,158,148,83,158,0,97,3,1,133,2840,16
6077,23,61,26,18,158,50,158,148,84,158,0,97,3,1,133,2840,16
6078,22,60,25,18,158,50,158,149,84,158,0,97,3,1,133,2840,16
6079,22,60,25,18,158,50,158,149,85,158,0,97,3,1,133,2840,16
6080,21,58,24,18,158,50,158,151,85,158,0,97,3,1,133,2840,16
6081,21,58,24,18,158,50,158,151,87,158,0,97,3,1,133,2840,16
6082,20,57,23,18,158,50,158,153,87,158,0,97,3,1,133,2840,16
6083,20,57,23,18,158,50,158,153,88,158,0,97,3,1,133,2840,16
6084,19,56,21,18,158,50,158,155,88,158,0,97,3,1,133,2840,16
6085,19,56,21,18,158,50,158,155,90,158,0,97,3,1,133,2840,16
6086,18,55,20,18,158,50,158,157,90,158,0,97,3,1,133,2840,16
6087,18,55,20,18,158,50,158,157,91,158,0,97,3,1,133,2840,16
6088,18,54,19,19,158,50,158,158,91,158,0,97,3,1,133,2840,16
6089,18,54,19,19,158,50,158,158,93,158,0,97,3,1,133,2840,16
6090,18,53,18,21,157,50,158,158,93,158,0,97,3,1,133,2840,16
6091,18,53,18,21,157,50,158,158,94,158,0,97,3,1,133,2840,16
6092,18,52,18,22,155,50,156,158,94,158,0,97,3,1,133,2840,16
6093,18,52,18,22,155,50,156,158,96,158,0,97,3,1,133,2840,16
6094,18,51,18,23,154,50,154,158,96,158,0,97,3,1,133,2840,16
6095,18,51,18,23,154,50,154,158,97,158,0,97,3,1,133,2840,16
6096,18,49,18,24,152,50,153,158,97,158,0,97,3,1,133,2840,16
6097,18,49,18,24,152,50,153,158,99,158,0,97,3,1,133,2840,16
6098,18,48,18,26,151,50,151,158,99,158,0,97,3,1,133,2840,16
6099,18,48,18,26,151,50,151,158,100,158,0,97,3,1,133,2840,16
6100,18,47,18,27,149,50,149,158,100,158,0,97,3,1,133,2840,16
6101,18,47,18,27,149,50,149,158,102,158,0,97,3,1,133,2840,16
6102,18,46,18,29,148,50,147,158,102,158,0,97,3,1,133,2840,16
6103,18,46,18,29,148,50,147,158,103,158,0,97,3,1,133,2840,16
6104,18,45,18,30,146,50,146,158,103,158,0,97,3,1,133,2840,16
6105,18,45,18,30,146,50,146,158,105,158,0,97,3,1,133,2840,16
6106,18,44,18,32,146,50,144,158,105,158,0,97,3,1,133,2840,16
6107,18,44,18,32,146,50,144,158,106,158,0,97,3,1,133,2840,16
6108,18,43,18,33,144,50,142,158,106,158,0,97,3,1,133,2840,16
6109,18,43,18,33,144,50,142,158,108,158,0,97,3,1,134,2850,16
6110,18,42,18,34,143,50,140,158,108,158,0,97,3,1,134,2850,16
6111,18,42,18,34,143,50,140,158,109,158,0,97,3,1,134,2850,16
6112,18,42,18,35,141,50,139,158,109,158,0,97,3,1,134,2850,16
6113,18,42,18,35,141,50,139,158,110,158,0,97,3,1,134,2850,16
6114,18,42,18,37,140,48,137,158,110,158,0,97,3,1,134,2850,16
6115,18,42,18,37,140,48,137,158,111,158,0,97,3,1,134,2850,16
6116,18,42,18,38,138,47,135,158,111,158,0,97,3,1,134,2850,16
6117,18,42,18,38,138,47,135,158,112,158,0,97,3,1,134,2850,16
6118,18,42,18,40,137,45,133,158,112,158,0,97,3,1,134,2850,16
6119,18,42,18,40,137,45,133,158,113,158,0,97,3,1,134,2850,16
6120,18,42,18,41,135,44,132,158,113,158,0,97,3,1,134,2850,16
6121,18,42,18,41,135,44,132,158,115,158,0,97,3,1,134,2850,16
6122,18,42,18,43,134,42,130,158,115,158,0,97,3,1,134,2850,16
6123,18,42,18,43,134,42,130,158,116,158,0,97,3,1,135,2860,16
6124,18,42,18,44,132,41,128,158,116,158,0,97,3,1,135,2860,16
6125,18,42,18,44,132,41,128,158,117,158,0,97,3,1,135,2860,16
6126,18,42,18,45,131,39,126,158,117,158,0,97,3,1,135,2860,16
6127,18,42,18,45,131,39,126,158,118,158,0,97,3,1,135,2860,16
6128,18,42,18,46,129,37,125,158,118,158,0,97,3,1,135,2860,16
6129,18,42,18,46,129,37,125,158,119,158,0,97,3,1,135,2860,16
6130,18,42,18,48,128,35,123,158,119,158,0,97,3,1,135,2860,16
6131,18,42,18,48,128,35,123,158,120,158,0,97,3,1,135,2860,16
6132,18,42,19,49,126,34,122,158,120,158,0,97,3,1,135,2860,16
6133,18,42,19,49,126,34,122,158,122,158,0,97,3,1,135,2860,16
6134,18,42,20,51,125,32,122,158,122,158,0,97,3,1,135,2860,16
6135,18,42,20,51,125,32,122,158,123,158,0,97,3,1,135,2860,16
6136,18,42,21,52,123,31,122,158,123,158,0,97,3,1,135,2860,16
6137,18,42,21,52,123,31,122,158,125,158,0,97,3,1,136,2870,16
6138,18,42,22,54,122,29,122,158,125,158,0,97,3,1,136,2870,16
6139,18,42,22,54,122,29,122,158,124,158,0,97,3,3,136,2870,16
6140,19,42,24,55,122,28,122,158,124,158,0,97,3,3,136,2870,16
6141,19,42,24,55,122,28,122,158,123,158,0,97,3,3,136,2870,16
6142,20,42,25,56,122,26,122,158,123,158,0,97,3,3,136,2870,16
6143,20,42,25,56,122,26,122,158,122,158,0,97,3,3,136,2870,16
6144,21,40,26,57,122,26,122,158,122,158,0,97,3,3,136,2870,16
6145,21,40,26,57,122,26,122,158,121,158,0,97,3,3,136,2870,16
6146,22,39,26,59,122,26,122,158,121,158,0,97,3,3,136,2870,16
6147,22,39,26,59,122,26,122,158,120,158,0,97,3,3,136,2870,16
6148,23,38,28,60,122,26,122,158,120,158,0,97,3,3,136,2870,16
6149,23,38,28,60,122,26,122,158,118,158,0,97,3,3,136,2870,16
6150,24,37,29,62,122,26,122,158,118,158,0,97,3,3,136,2870,16
6151,24,37,29,62,122,26,122,158,117,158,0,97,3,3,136,2870,16
6152,25,36,30,63,122,26,122,158,117,158,0,97,3,3,136,2870,16
6153,25,36,30,63,122,26,122,158,115,158,0,97,3,3,136,2870,16
6154,26,35,31,65,122,26,122,158,115,158,0,97,3,3,136,2870,16
6155,26,35,31,65,122,26,122,158,114,158,0,97,3,3,136,2870,16
6156,27,34,33,66,122,26,122,158,114,158,0,97,3,3,136,2870,16
6157,27,34,33,66,122,26,122,158,112,158,0,97,3,3,136,2870,16
6158,28,34,34,67,122,26,122,158,112,158,0,97,3,3,136,2870,16
6159,28,34,34,67,122,26,122,158,111,158,0,97,3,3,136,2870,16
6160,29,34,35,68,122,26,122,158,111,158,0,97,3,3,136,2870,16
6161,29,34,35,68,122,26,122,158,109,158,0,97,3,3,136,2870,16
6162,30,33,36,70,122,26,122,158,109,158,0,97,3,3,136,2870,16
6163,30,33,36,70,122,26,122,158,108,158,0,97,3,3,136,2870,16
6164,31,32,38,71,122,26,122,158,108,158,0,97,3,3,136,2870,16
6165,31,32,38,71,122,26,122,158,106,158,0,97,3,3,136,2870,16
6166,32,31,39,73,122,26,122,158,106,158,0,97,3,3,136,2870,16
6167,32,31,39,73,122,26,122,158,105,158,0,97,3,3,136,2870,16
6168,33,30,40,74,122,26,122,158,105,158,0,97,3,3,136,2870,16
6169,33,30,40,74,122,26,122,158,103,158,0,97,3,3,136,2870,16
6170,34,29,41,76,122,26,122,158,103,158,0,97,3,3,136,2870,16
6171,34,29,41,76,122,26,122,158,102,158,0,97,3,3,136,2870,16
6172,34,28,42,77,122,26,121,158,102,158,0,97,3,3,136,2870,16
6173,34,28,42,77,122,26,121,158,102,156,0,97,3,0,136,2870,16
6174,35,27,42,78,122,26,119,158,102,156,0,97,3,0,136,2870,16
6175,35,27,42,78,122,26,119,158,102,154,0,97,3,0,136,2870,16
6176,36,25,42,79,122,26,118,158,102,154,0,97,3,0,136,2870,16
6177,36,25,42,79,122,26,118,158,102,152,0,97,3,0,136,2870,16
6178,37,24,42,81,122,26,116,158,102,152,0,97,3,0,136,2870,16
6179,37,24,42,81,122,26,116,158,102,150,0,97,3,0,136,2870,16
6180,38,23,42,82,122,26,114,158,102,150,0,97,3,0,136,2870,16
6181,38,23,42,82,122,26,114,158,102,148,0,97,3,0,136,2870,16
6182,39,22,42,84,122,26,112,158,102,148,0,97,3,0,136,2870,16
6183,39,22,42,84,122,26,112,158,102,146,0,97,3,0,136,2870,16
6184,40,21,42,85,122,26,111,158,102,146,0,97,3,0,136,2870,16
6185,40,21,42,85,122,26,111,158,102,144,0,97,3,0,136,2870,16
6186,41,20,42,87,122,26,109,158,102,144,0,97,3,0,136,2870,16
6187,41,20,42,87,122,26,109,158,102,142,0,97,3,0,136,2870,16
6188,42,19,42,88,122,26,107,158,102,142,0,97,3,0,136,2870,16
6189,42,19,42,88,122,26,107,158,102,140,0,97,3,0,136,2870,16
6190,42,18,42,89,122,26,105,158,102,140,0,97,3,0,136,2870,16
6191,42,18,42,89,122,26,105,158,102,138,0,97,3,0,136,2870,16
6192,42,18,42,90,122,24,104,158,102,138,0,97,3,0,136,2870,16
6193,42,18,42,90,122,24,104,158,102,136,0,97,3,0,136,2870,16
6194,42,18,42,92,123,22,102,158,102,136,0,97,3,0,136,2870,16
6195,42,18,42,92,123,22,102,158,102,134,0,97,3,0,136,2870,16
6196,42,18,42,93,125,21,100,158,102,134,0,97,3,0,136,2870,16
6197,42,18,42,93,125,21,100,158,104,134,0,97,3,1,136,2870,16
6198,42,18,42,95,126,19,98,158,104,134,0,97,3,1,136,2870,16
6199,42,18,42,95,126,19,98,158,105,134,0,97,3,1,136,2870,16
6200,42,18,43,96,128,18,98,158,105,134,0,97,3,1,136,2870,16
6201,42,18,43,96,128,18,98,158,107,134,0,97,3,1,136,2870,16
6202,42,18,44,98,129,16,98,158,107,134,0,97,3,1,136,2870,16
6203,42,18,44,98,129,16,98,158,108,134,0,97,3,1,137,2880,16
6204,42,18,46,99,131,15,98,158,108,134,0,97,3,1,137,2880,16
6205,42,18,46,99,131,15,98,158,109,134,0,97,3,1,137,2880,16
6206,42,18,47,100,132,13,98,158,109,134,0,97,3,1,137,2880,16
6207,42,18,47,100,132,13,98,158,110,134,0,97,3,1,137,2880,16
6208,42,18,48,101,134,11,98,158,110,134,0,97,3,1,137,2880,16
6209,42,18,48,101,134,11,98,158,111,134,0,97,3,1,137,2880,16
6210,42,18,49,102,134,9,98,157,111,134,0,97,3,1,137,2880,16
6211,42,18,49,102,134,9,98,157,112,134,0,97,3,1,137,2880,16
6212,42,18,51,102,134,8,98,155,112,134,0,97,3,1,137,2880,16
6213,42,18,51,102,134,8,98,155,114,134,0,97,3,1,137,2880,16
6214,42,18,52,102,135,6,98,153,114,134,0,97,3,1,137,2880,16
6215,42,18,52,102,135,6,98,153,115,134,0,97,3,1,137,2880,16
6216,42,18,53,102,137,5,98,151,115,134,0,97,3,1,137,2880,16
6217,42,18,53,102,137,5,98,151,117,134,0,97,3,1,138,2880,16
6218,42,18,54,102,138,3,98,149,117,134,0,97,3,1,138,2880,16
6219,42,18,54,102,138,3,98,149,118,134,0,97,3,1,138,2880,16
6220,42,18,56,102,140,2,98,147,118,134,0,97,3,1,138,2880,16
6221,42,18,56,102,140,2,98,147,118,133,0,97,3,0,138,2880,16
6222,42,19,57,102,141,2,98,146,118,133,0,97,3,0,138,2880,16
6223,42,19,57,102,141,2,98,146,118,131,0,97,3,0,138,2880,16
6224,42,21,58,102,143,2,98,144,118,131,0,97,3,0,138,2880,16
6225,42,21,58,102,143,2,98,144,118,130,0,97,3,0,138,2880,16
6226,42,22,59,102,144,2,98,142,118,130,0,97,3,0,138,2880,16
6227,42,22,59,102,144,2,98,142,118,128,0,97,3,0,138,2880,16
6228,42,23,61,102,146,2,98,140,118,128,0,97,3,0,138,2880,16
6229,42,23,61,102,146,2,98,140,118,126,0,97,3,0,138,2880,16
6230,42,24,62,102,147,2,98,138,118,126,0,97,3,0,138,2880,16
6231,42,24,62,102,147,2,98,138,118,124,0,97,3,0,138,2880,16
6232,42,25,63,102,149,2,98,136,118,124,0,97,3,0,138,2880,16
6233,42,25,63,102,149,2,98,136,118,122,0,97,3,0,139,2890,16
6234,42,26,64,102,150,2,98,134,118,122,0,97,3,0,139,2890,16
6235,42,26,64,102,150,2,98,134,118,120,0,97,3,0,139,2890,16
6236,42,26,66,103,152,2,98,134,118,120,0,97,3,0,139,2890,16
6237,42,26,66,103,152,2,98,134,118,119,0,97,3,0,139,2890,16
6238,42,26,67,104,153,2,98,134,118,119,0,97,3,0,139,2890,16
6239,42,26,67,104,153,2,98,134,118,117,0,97,3,0,139,2890,16
6240,42,28,68,105,155,2,98,134,118,117,0,97,3,0,139,2890,16
6241,42,28,68,105,155,2,98,134,118,116,0,97,3,0,139,2890,16
6242,42,29,69,107,156,2,98,134,118,116,0,97,3,0,139,2890,16
6243,42,29,69,107,156,2,98,134,118,114,0,97,3,0,139,2890,16
6244,42,30,71,108,158,2,98,134,118,114,0,97,3,0,139,2890,16
6245,42,30,71,108,158,2,98,134,118,112,0,97,3,0,139,2890,16
6246,43,31,72,110,158,2,98,134,118,112,0,97,3,0,139,2890,16
6247,43,31,72,110,158,2,98,134,118,110,0,97,3,0,140,2900,16
6248,44,32,73,111,158,2,98,134,118,110,0,97,3,0,140,2900,16
6249,44,32,73,111,158,2,98,134,118,109,0,97,3,0,140,2900,16
6250,45,33,74,113,158,2,98,134,118,109,0,97,3,0,140,2900,16
6251,45,33,74,113,158,2,98,134,118,107,0,97,3,0,140,2900,16
6252,46,34,76,114,158,2,98,134,118,107,0,97,3,0,140,2900,16
6253,46,34,76,114,158,2,98,134,118,106,0,97,3,0,140,2900,16
6254,47,35,77,115,158,2,98,134,118,106,0,97,3,0,140,2900,16
6255,47,35,77,115,158,2,98,134,118,104,0,97,3,0,140,2900,16
6256,48,37,78,116,158,2,98,134,118,104,0,97,3,0,140,2900,16
6257,48,37,78,116,158,2,98,134,118,102,0,97,3,0,140,2900,16
6258,49,38,79,118,158,2,98,134,118,102,0,97,3,0,140,2900,16
6259,49,38,79,118,158,2,98,134,118,100,0,97,3,0,140,2900,16
6260,50,39,81,118,158,2,98,132,118,100,0,97,3,0,140,2900,16
6261,50,39,81,118,158,2,98,132,118,98,0,97,3,0,140,2900,16
6262,51,40,82,118,158,2,98,130,118,98,0,97,3,0,140,2900,16
6263,51,40,82,118,158,2,98,130,117,98,0,97,3,3,140,2900,16
6264,52,41,83,118,158,2,98,128,117,98,0,97,3,3,140,2900,16
6265,52,41,83,118,158,2,98,128,115,98,0,97,3,3,140,2900,16
6266,53,42,84,118,158,2,98,126,115,98,0,97,3,3,140,2900,16
6267,53,42,84,118,158,2,98,126,114,98,0,97,3,3,140,2900,16
6268,54,42,86,118,158,3,98,124,114,98,0,97,3,3,140,2900,16
6269,54,42,86,118,158,3,98,124,112,98,0,97,3,3,140,2900,16
6270,55,42,87,118,158,5,98,123,112,98,0,97,3,3,140,2900,16
6271,55,42,87,118,158,5,98,123,111,98,0,97,3,3,140,2900,16
6272,56,42,88,118,158,7,98,121,111,98,0,97,3,3,140,2900,16
6273,56,42,88,118,158,7,98,121,110,97,0,97,3,0,140,2900,16
6274,57,42,89,118,158,9,98,119,110,97,0,97,3,0,140,2900,16
6275,57,42,89,118,158,9,98,119,110,95,0,97,3,0,140,2900,16
6276,58,42,91,118,158,10,98,117,110,95,0,97,3,0,140,2900,16
6277,58,42,91,118,158,10,98,117,110,93,0,97,3,0,140,2900,16
6278,59,42,92,118,158,12,98,115,110,93,0,97,3,0,140,2900,16
6279,59,42,92,118,158,12,98,115,110,91,0,97,3,0,140,2900,16
6280,60,42,93,118,158,13,98,113,110,91,0,97,3,0,140,2900,16
6281,60,42,93,118,158,13,98,113,110,89,0,97,3,0,140,2900,16
6282,61,42,94,118,158,15,98,111,110,89,0,97,3,0,140,2900,16
6283,61,42,94,118,158,15,98,111,110,87,0,97,3,0,140,2900,16
6284,62,42,96,118,158,16,98,109,110,87,0,97,3,0,140,2900,16
6285,62,42,96,118,158,16,98,109,110,85,0,97,3,0,141,2910,16
6286,63,42,97,118,158,18,98,108,110,85,0,97,3,0,141,2910,16
6287,63,42,97,118,158,18,98,108,110,83,0,97,3,0,141,2910,16
6288,64,42,98,118,158,20,98,106,110,83,0,97,3,0,141,2910,16
6289,64,42,98,118,158,20,98,106,110,82,0,97,3,0,141,2910,16
6290,65,42,99,118,158,22,98,104,110,82,0,97,3,0,141,2910,16
6291,65,42,99,118,158,22,98,104,110,80,0,97,3,0,141,2910,16
6292,66,42,101,118,158,23,98,102,110,80,0,97,3,0,141,2910,16
6293,66,42,101,118,158,23,98,102,110,79,0,97,3,0,141,2910,16
6294,67,42,102,118,158,25,98,100,110,79,0,97,3,0,141,2910,16
6295,67,42,102,118,158,25,98,100,110,77,0,97,3,0,141,2910,16
6296,68,42,103,118,158,26,98,98,110,77,0,97,3,0,141,2910,16
6297,68,42,103,118,158,26,98,98,110,75,0,97,3,0,141,2910,16
6298,69,42,104,120,158,26,98,98,110,75,0,97,3,0,141,2910,16
6299,69,42,104,120,158,26,98,98,110,73,0,97,3,0,142,2920,16
6300,70,42,106,121,158,27,98,98,110,73,0,97,3,0,142,2920,16
6301,70,42,106,121,158,27,98,98,110,72,0,97,3,0,142,2920,16
6302,71,42,107,122,158,29,98,98,110,72,0,97,3,0,142,2920,16
6303,71,42,107,122,158,29,98,98,110,70,0,97,3,0,142,2920,16
6304,72,42,108,123,158,31,98,98,110,70,0,97,3,0,142,2920,16
6305,72,42,108,123,158,31,98,98,110,69,0,97,3,0,142,2920,16
6306,73,42,109,125,158,33,98,98,110,69,0,97,3,0,142,2920,16
6307,73,42,109,125,158,33,98,98,110,67,0,97,3,0,142,2920,16
6308,74,42,111,126,158,34,98,98,110,67,0,97,3,0,142,2920,16
6309,74,42,111,126,158,34,98,98,110,65,0,97,3,0,142,2920,16
6310,74,42,112,128,158,36,98,98,110,65,0,97,3,0,142,2920,16
6311,74,42,112,128,158,36,98,98,110,63,0,97,3,0,142,2920,16
6312,75,42,113,129,158,37,98,98,110,63,0,97,3,0,142,2920,16
6313,75,42,113,129,158,37,98,98,110,61,0,97,3,0,143,2930,16
6314,76,42,114,131,158,39,98,98,110,61,0,97,3,0,143,2930,16
6315,76,42,114,131,158,39,98,98,110,63,0,97,3,2,143,2930,16
6316,77,42,116,132,158,40,98,98,110,63,0,97,3,2,143,2930,16
6317,77,42,116,132,158,40,98,98,110,64,0,97,3,2,143,2930,16
6318,78,42,117,133,158,42,98,98,110,64,0,97,3,2,143,2930,16
6319,78,42,117,133,158,42,98,98,110,66,0,97,3,2,143,2930,16
6320,79,42,118,134,158,44,98,98,110,66,0,97,3,2,143,2930,16
6321,79,42,118,134,158,44,98,98,110,67,0,97,3,2,143,2930,16
6322,80,42,118,134,158,46,98,100,110,67,0,97,3,2,143,2930,16
6323,80,42,118,134,158,46,98,100,110,69,0,97,3,2,143,2930,16
6324,81,42,120,134,158,47,98,102,110,69,0,97,3,2,143,2930,16
6325,81,42,120,134,158,47,98,102,110,71,0,97,3,2,143,2930,16
6326,82,42,121,134,158,49,98,104,110,71,0,97,3,2,143,2930,16
6327,82,42,121,134,158,49,98,104,110,73,0,97,3,2,143,2930,16
6328,83,42,122,134,158,50,98,106,110,73,0,97,3,2,143,2930,16
6329,83,42,122,134,158,50,98,106,111,74,0,97,3,1,143,2930,16
6330,84,43,123,134,158,50,98,108,111,74,0,97,3,1,143,2930,16
6331,84,43,123,134,158,50,98,108,112,74,0,97,3,1,143,2930,16
6332,85,44,125,134,158,50,98,110,112,74,0,97,3,1,143,2930,16
6333,85,44,125,134,158,50,98,110,114,74,0,97,3,1,143,2930,16
6334,86,45,126,134,158,50,98,111,114,74,0,97,3,1,143,2930,16
6335,86,45,126,134,158,50,98,111,115,74,0,97,3,1,143,2930,16
6336,87,47,127,134,158,50,98,113,115,74,0,97,3,1,143,2930,16
6337,87,47,127,134,158,50,98,113,117,74,0,97,3,1,144,2940,16
6338,88,48,128,134,158,50,98,115,117,74,0,97,3,1,144,2940,16
6339,88,48,128,134,158,50,98,115,118,74,0,97,3,1,144,2940,16
6340,89,49,130,134,158,50,98,117,118,74,0,97,3,1,144,2940,16
6341,89,49,130,134,158,50,98,117,119,74,0,97,3,1,144,2940,16
6342,90,50,131,134,158,50,98,119,119,74,0,97,3,1,144,2940,16
6343,90,50,131,134,158,50,98,119,120,74,0,97,3,1,144,2940,16
6344,91,51,132,134,158,50,98,121,120,74,0,97,3,1,144,2940,16
6345,91,51,132,134,158,50,98,121,121,74,0,97,3,1,144,2940,16
6346,92,52,133,135,158,50,98,122,121,74,0,97,3,1,144,2940,16
6347,92,52,133,135,158,50,98,122,122,74,0,97,3,1,144,2940,16
6348,93,53,134,136,158,50,99,122,122,74,0,97,3,1,144,2940,16
6349,93,53,134,136,158,50,99,122,124,74,0,97,3,1,145,2950,16
6350,94,54,134,137,158,50,101,122,124,74,0,97,3,1,145,2950,16
6351,94,54,134,137,158,50,101,122,125,74,0,97,3,1,145,2950,16
6352,95,56,134,138,158,50,102,122,125,74,0,97,3,1,145,2950,16
6353,95,56,134,138,158,50,102,122,126,74,0,97,3,1,145,2950,16
6354,96,57,134,140,158,50,104,122,126,74,0,97,3,1,145,2950,16
6355,96,57,134,140,158,50,104,122,127,74,0,97,3,1,145,2950,16
6356,97,58,134,141,158,50,106,122,127,74,0,97,3,1,145,2950,16
6357,97,58,134,141,158,50,106,122,128,74,0,97,3,1,145,2950,16
6358,98,58,134,143,158,50,108,122,128,74,0,97,3,1,145,2950,16
6359,98,58,134,143,158,50,108,122,129,74,0,97,3,1,145,2950,16
6360,99,59,134,144,158,50,109,122,129,74,0,97,3,1,145,2950,16
6361,99,59,134,144,158,50,109,122,131,74,0,97,3,1,145,2950,16
6362,100,60,134,146,158,50,111,122,131,74,0,97,3,1,145,2950,16
6363,100,60,134,146,158,50,111,122,132,74,0,97,3,1,146,2960,16
6364,101,61,134,147,158,50,113,122,132,74,0,97,3,1,146,2960,16
6365,101,61,134,147,158,50,113,122,133,74,0,97,3,1,146,2960,16
6366,102,62,134,148,158,50,115,122,133,74,0,97,3,1,146,2960,16
6367,102,62,134,148,158,50,115,122,134,74,0,97,3,1,146,2960,16
6368,103,64,134,149,158,50,116,122,134,74,0,97,3,1,146,2960,16
6369,103,64,134,149,158,50,116,122,135,74,0,97,3,1,146,2960,16
6370,104,65,134,150,158,50,118,121,135,74,0,97,3,1,146,2960,16
6371,104,65,134,150,158,50,118,121,136,74,0,97,3,1,146,2960,16
6372,105,66,134,150,158,50,120,119,136,74,0,97,3,1,146,2960,16
6373,105,66,134,150,158,50,120,119,138,74,0,97,3,1,146,2960,16
6374,106,66,134,150,158,52,122,117,138,74,0,97,3,1,146,2960,16
6375,106,66,134,150,158,52,122,117,139,74,0,97,3,1,146,2960,16
6376,107,66,135,150,158,53,122,115,139,74,0,97,3,1,146,2960,16
6377,107,66,135,150,158,53,122,115,141,74,0,97,3,1,147,2970,16
6378,108,66,136,150,158,55,122,113,141,74,0,97,3,1,147,2970,16
6379,108,66,136,150,158,55,122,113,142,74,0,97,3,1,147,2970,16
6380,109,66,138,150,158,56,122,111,142,74,0,97,3,1,147,2970,16
6381,109,66,138,150,158,56,122,111,143,74,0,97,3,1,147,2970,16
6382,110,66,139,150,158,58,122,110,143,74,0,97,3,1,147,2970,16
6383,110,66,139,150,158,58,122,110,144,74,0,97,3,1,147,2970,16
6384,110,66,140,150,158,60,122,108,144,74,0,97,3,1,147,2970,16
6385,110,66,140,150,158,60,122,108,145,74,0,97,3,1,147,2970,16
6386,111,66,141,150,158,62,122,106,145,74,0,97,3,1,147,2970,16
6387,111,66,141,150,158,62,122,106,146,74,0,97,3,1,147,2970,16
6388,112,66,143,150,158,62,122,104,146,74,0,97,3,1,147,2970,16
6389,112,66,143,150,158,62,122,104,148,74,0,97,3,1,147,2970,16
6390,113,66,144,150,158,64,122,102,148,74,0,97,3,1,147,2970,16
6391,113,66,144,150,158,64,122,102,149,74,0,97,3,1,147,2970,16
6392,114,66,145,150,158,65,122,100,149,74,0,97,3,1,147,2970,16
6393,114,66,145,150,158,65,122,100,150,73,0,97,3,0,147,2970,16
6394,115,66,146,150,158,67,122,98,150,73,0,97,3,0,147,2970,16
6395,115,66,146,150,158,67,122,98,150,71,0,97,3,0,147,2970,16
6396,116,66,148,150,158,68,122,96,150,71,0,97,3,0,147,2970,16
6397,116,66,148,150,158,68,122,96,150,69,0,97,3,0,147,2970,16
6398,117,66,149,150,158,70,122,95,150,69,0,97,3,0,147,2970,16
6399,117,66,149,150,158,70,122,95,150,67,0,97,3,0,147,2970,16
6400,118,66,150,150,158,72,122,93,150,67,0,97,3,0,147,2970,16
6401,118,66,150,150,158,72,122,93,150,65,0,97,3,0,147,2970,16
6402,118,66,151,150,158,74,122,91,150,65,0,97,3,0,147,2970,16
6403,118,66,151,150,158,74,122,91,150,63,0,97,3,0,147,2970,16
6404,118,66,153,150,158,75,122,89,150,63,0,97,3,0,147,2970,16
6405,118,66,153,150,158,75,122,89,150,61,0,97,3,0,147,2970,16
6406,119,66,154,150,158,77,122,87,150,61,0,97,3,0,147,2970,16
6407,119,66,154,150,158,77,122,87,150,59,0,97,3,0,147,2970,16
6408,120,66,155,150,158,78,122,85,150,59,0,97,3,0,147,2970,16
6409,120,66,155,150,158,78,122,85,150,57,0,97,3,0,147,2970,16
6410,121,66,156,150,158,80,122,83,150,57,0,97,3,0,147,2970,16
6411,121,66,156,150,158,80,122,83,150,55,0,97,3,0,147,2970,16
6412,122,66,158,150,158,81,122,81,150,55,0,97,3,0,147,2970,16
6413,122,66,158,150,158,81,122,81,150,53,0,97,3,0,147,2970,16
6414,123,66,158,150,158,83,124,80,150,53,0,97,3,0,147,2970,16
6415,123,66,158,150,158,83,124,80,150,51,0,97,3,0,147,2970,16
6416,124,66,158,150,158,85,125,78,150,51,0,97,3,0,147,2970,16
6417,124,66,158,150,158,85,125,78,150,49,0,97,3,0,147,2970,16
6418,125,66,158,150,158,87,127,76,150,49,0,97,3,0,147,2970,16
6419,125,66,158,150,158,87,127,76,150,47,0,97,3,0,147,2970,16
6420,126,66,158,150,158,88,129,74,150,47,0,97,3,0,147,2970,16
6421,126,66,158,150,158,88,129,74,150,45,0,97,3,0,147,2970,16
6422,126,66,158,150,158,90,131,72,150,45,0,97,3,0,147,2970,16
6423,126,66,158,150,158,90,131,72,150,43,0,97,3,0,147,2970,16
6424,127,66,158,150,158,91,132,70,150,43,0,97,3,0,147,2970,16
6425,127,66,158,150,158,91,132,70,150,41,0,97,3,0,147,2970,16
6426,128,66,158,150,158,93,134,68,150,41,0,97,3,0,147,2970,16
6427,128,66,158,150,158,93,134,68,150,39,0,97,3,0,147,2970,16
6428,129,66,158,150,158,94,136,66,150,39,0,97,3,0,147,2970,16
6429,129,66,158,150,158,94,136,66,150,37,0,97,3,0,147,2970,16
6430,130,66,158,150,158,96,138,65,150,37,0,97,3,0,147,2970,16
6431,130,66,158,150,158,96,138,65,150,35,0,97,3,0,147,2970,16
6432,131,66,158,150,158,98,139,63,150,35,0,97,3,0,147,2970,16
6433,131,66,158,150,158,98,139,63,150,33,0,97,3,0,147,2970,16
6434,132,66,158,150,158,98,141,61,150,33,0,97,3,0,147,2970,16
6435,132,66,158,150,158,98,141,61,150,31,0,97,3,0,147,2970,16
6436,133,65,158,150,158,98,143,59,150,31,0,97,3,0,147,2970,16
6437,133,65,158,150,158,98,143,59,150,29,0,97,3,0,147,2970,16
6438,134,64,158,150,158,98,145,57,150,29,0,97,3,0,147,2970,16
6439,134,64,158,150,158,98,145,57,150,27,0,97,3,0,147,2970,16
6440,135,63,158,150,158,98,146,55,150,27,0,97,3,0,147,2970,16
6441,135,63,158,150,158,98,146,55,151,26,0,97,3,1,147,2970,16
6442,136,62,158,150,158,98,148,53,151,26,0,97,3,1,147,2970,16
6443,136,62,158,150,158,98,148,53,152,26,0,97,3,1,147,2970,16
6444,137,61,158,150,158,98,150,51,152,26,0,97,3,1,147,2970,16
6445,137,61,158,150,158,98,150,51,154,26,0,97,3,1,147,2970,16
6446,138,60,158,150,158,98,152,50,154,26,0,97,3,1,147,2970,16
6447,138,60,158,150,158,98,152,50,155,26,0,97,3,1,147,2970,16
6448,139,58,158,150,158,98,153,48,155,26,0,97,3,1,147,2970,16
6449,139,58,158,150,158,98,153,48,157,26,0,97,3,1,148,2970,16
6450,140,57,158,150,158,98,155,46,157,26,0,97,3,1,148,2970,16
6451,140,57,158,150,158,98,155,46,158,26,0,97,3,1,148,2970,16
6452,141,56,158,150,158,98,157,44,158,26,0,97,3,1,148,2970,16
6453,141,56,158,150,158,98,157,44,158,25,0,97,3,0,148,2970,16
6454,142,55,157,150,158,98,158,42,158,25,0,97,3,0,148,2970,16
6455,142,55,157,150,158,98,158,42,158,23,0,97,3,0,148,2970,16
6456,143,54,156,150,158,98,158,40,158,23,0,97,3,0,148,2970,16
6457,143,54,156,150,158,98,158,40,158,22,0,97,3,0,148,2970,16
6458,144,53,155,150,158,98,158,38,158,22,0,97,3,0,148,2970,16
6459,144,53,155,150,158,98,158,38,158,20,0,97,3,0,148,2970,16
6460,145,52,153,150,158,98,158,36,158,20,0,97,3,0,148,2970,16
6461,145,52,153,150,158,98,158,36,158,18,0,97,3,0,148,2970,16
6462,146,51,152,150,158,98,158,35,158,18,0,97,3,0,148,2970,16
6463,146,51,152,150,158,98,158,35,158,16,0,97,3,0,149,3020,16
6464,145,52,153,150,158,98,158,36,158,16,0,97,3,0,149,3020,16
6465,145,52,153,150,158,98,158,36,158,14,0,97,3,0,149,3020,16
6466,145,52,153,150,158,98,158,37,158,14,0,97,3,0,149,3020,16
6467,145,52,153,150,158,98,158,37,158,12,0,97,3,0,149,3020,16
6468,144,53,154,150,158,98,158,38,158,12,0,97,3,0,149,3020,16
6469,144,53,154,150,158,98,158,38,158,10,0,97,3,0,149,3020,16
6470,143,54,155,150,158,98,158,39,158,10,0,97,3,0,149,3020,16
6471,143,54,155,150,158,98,158,39,158,8,0,97,3,0,149,3020,16
6472,142,55,156,150,158,98,158,40,158,8,0,97,3,0,149,3020,16
6473,142,55,156,150,158,98,158,40,158,6,0,97,3,0,149,3020,16
6474,142,55,156,150,158,98,158,41,158,6,0,97,3,0,149,3020,16
6475,142,55,156,150,158,98,158,41,158,4,0,97,3,0,149,3020,16
6476,141,56,157,150,158,98,158,42,158,4,0,97,3,0,149,3020,16
6477,141,56,157,150,158,98,158,42,158,2,0,97,3,0,150,3030,16
6478,140,57,158,150,158,98,158,43,158,2,0,97,3,0,150,3030,16
6479,140,57,158,150,158,98,158,43,157,2,0,97,3,3,150,3030,16
6480,139,58,158,150,158,98,157,44,157,2,0,97,3,3,150,3030,16
6481,139,58,158,150,158,98,157,44,156,2,0,97,3,3,150,3030,16
6482,139,58,158,150,158,98,156,45,156,2,0,97,3,3,150,3030,16
6483,139,58,158,150,158,98,156,45,155,2,0,97,3,3,150,3030,16
6484,138,59,158,150,158,98,155,46,155,2,0,97,3,3,150,3030,16
6485,138,59,158,150,158,98,155,46,154,2,0,97,3,3,150,3030,16
6486,137,60,158,150,158,98,154,47,154,2,0,97,3,3,150,3030,16
6487,137,60,158,150,158,98,154,47,153,2,0,97,3,3,150,3030,16
6488,136,61,158,150,158,98,153,48,153,2,0,97,3,3,150,3030,16
6489,136,61,158,150,158,98,153,48,151,2,0,97,3,3,151,3040,16
6490,136,61,158,150,158,98,152,49,151,2,0,97,3,3,151,3040,16
6491,136,61,158,150,158,98,152,49,150,2,0,97,3,3,151,3040,16
6492,135,62,158,150,158,98,151,50,150,2,0,97,3,3,151,3040,16
6493,135,62,158,150,158,98,151,50,149,2,0,97,3,3,151,3040,16
6494,134,63,158,150,158,98,150,51,149,2,0,97,3,3,151,3040,16
6495,134,63,158,150,158,98,150,51,148,2,0,97,3,3,151,3040,16
6496,133,64,158,150,158,98,149,52,148,2,0,97,3,3,151,3040,16
6497,133,64,158,150,158,98,149,52,147,2,0,97,3,3,151,3040,16
6498,133,64,158,150,158,98,148,53,147,2,0,97,3,3,151,3040,16
6499,133,64,158,150,158,98,148,53,146,2,0,97,3,3,151,3040,16
6500,132,65,158,150,158,98,147,54,146,2,0,97,3,3,151,3040,16
6501,132,65,158,150,158,98,147,54,144,2,0,97,3,3,151,3040,16
6502,131,66,158,150,158,98,146,55,144,2,0,97,3,3,151,3040,16
6503,131,66,158,150,158,98,146,55,143,2,0,97,3,3,152,3050,16
6504,130,66,158,150,158,98,145,56,143,2,0,97,3,3,152,3050,16
6505,130,66,158,150,158,98,145,56,142,2,0,97,3,3,152,3050,16
6506,130,66,158,150,158,98,144,57,142,2,0,97,3,3,152,3050,16
6507,130,66,158,150,158,98,144,57,141,2,0,97,3,3,152,3050,16
6508,129,67,158,150,158,98,143,58,141,2,0,97,3,3,152,3050,16
6509,129,67,158,150,158,98,143,58,140,2,0,97,3,3,152,3050,16
6510,128,68,158,150,158,98,142,59,140,2,0,97,3,3,152,3050,16
6511,128,68,158,150,158,98,142,59,139,2,0,97,3,3,152,3050,16
6512,127,69,158,150,158,98,141,60,139,2,0,97,3,3,152,3050,16
6513,127,69,158,150,158,98,141,60,137,2,0,97,3,3,152,3050,16
6514,127,69,158,150,158,98,140,61,137,2,0,97,3,3,152,3050,16
6515,127,69,158,150,158,98,140,61,136,2,0,97,3,3,152,3050,16
6516,126,70,158,150,158,98,139,62,136,2,0,97,3,3,152,3050,16
6517,126,70,158,150,158,98,139,62,134,2,0,97,3,3,153,3060,16
6518,126,71,158,150,158,98,138,63,134,2,0,97,3,3,153,3060,16
6519,126,71,158,150,158,98,138,63,134,4,0,97,3,2,153,3060,16
6520,125,72,158,150,158,98,137,64,134,4,0,97,3,2,153,3060,16
6521,125,72,158,150,158,98,137,64,134,5,0,97,3,2,153,3060,16
6522,125,72,158,150,158,98,136,65,134,5,0,97,3,2,153,3060,16
6523,125,72,158,150,158,98,136,65,134,7,0,97,3,2,153,3060,16
6524,124,73,158,150,158,98,135,66,134,7,0,97,3,2,153,3060,16
6525,124,73,158,150,158,98,135,66,134,8,0,97,3,2,153,3060,16
6526,123,74,158,150,158,98,134,67,134,8,0,97,3,2,153,3060,16
6527,123,74,158,150,158,98,134,67,134,10,0,97,3,2,154,3060,16
6528,123,74,158,150,158,98,134,67,134,10,0,97,3,2,154,3060,16
6529,123,74,158,150,158,98,134,67,134,10,0,97,3,2,154,3060,16
6530,123,74,158,150,158,98,134,67,134,10,0,97,3,2,154,3060,16
6531,123,74,158,150,158,98,134,67,134,10,0,97,3,2,154,3060,16
6532,123,74,158,150,158,98,134,67,134,10,0,97,3,2,154,3060,16
6533,123,74,158,150,158,98,134,67,134,10,0,97,3,2,154,3060,16
6534,123,74,158,150,158,98,134,67,134,10,0,97,3,2,154,3060,16
6535,123,74,158,150,158,98,134,67,134,10,0,97,3,2,154,3060,16
6536,123,74,158,150,158,98,134,67,134,10,0,97,3,2,154,3060,16
6537,123,74,158,150,158,98,134,67,134,10,0,97,3,2,154,3060,16
6538,123,74,158,150,158,98,134,67,134,10,0,97,3,2,154,3060,16
6539,123,74,158,150,158,98,134,67,134,10,0,97,3,2,154,3060,16
6540,123,74,158,150,158,98,134,67,134,10,0,97,3,2,154,3060,16
6541,123,74,158,150,158,98,134,67,134,10,0,97,3,2,154,3060,16
6542,123,74,158,150,158,98,134,67,134,10,0,97,3,2,154,3060,16
6543,123,74,158,150,158,98,134,67,134,10,0,97,3,2,154,3060,16
6544,123,74,158,150,158,98,134,67,134,10,0,97,3,2,154,3060,16
6545,123,74,158,150,158,98,134,67,134,10,0,97,3,2,154,3060,16
6546,123,74,158,150,158,98,134,67,134,10,0,97,3,2,154,3060,16
6547,123,74,158,150,158,98,134,67,134,10,0,97,3,2,154,3060,16
6548,123,74,158,150,158,98,134,67,134,10,0,97,3,2,154,3060,16
6549,123,74,158,150,158,98,134,67,134,10,0,97,3,2,154,3060,16
6550,123,74,158,150,158,98,134,67,134,10,0,97,3,2,154,3060,16
6551,123,74,158,150,158,98,134,67,134,10,0,97,3,2,154,3060,16
6552,123,74,158,150,158,98,134,67,134,10,0,97,3,2,154,3060,16
6553,123,74,158,150,158,98,134,67,134,10,0,97,3,2,154,3060,16
6554,123,74,158,150,158,98,134,67,134,10,0,97,3,2,154,3060,16
6555,123,74,158,150,158,98,134,67,134,10,0,97,3,2,154,3060,16
6556,123,74,158,150,158,98,134,67,134,10,0,97,3,2,154,3060,16
6557,123,74,158,150,158,98,134,67,134,10,0,97,3,2,154,3060,16
6558,123,74,158,150,158,98,134,67,134,10,0,97,3,2,154,3060,16
6559,123,74,158,150,158,98,134,67,134,10,0,97,3,2,154,3060,16
6560,123,74,158,150,158,98,134,67,134,10,0,97,3,2,154,3060,16
6561,123,74,158,150,158,98,134,67,134,10,0,97,3,2,154,3060,16
6562,123,74,158,150,158,98,134,67,134,10,0,97,3,2,154,3060,16
6563,123,74,158,150,158,98,134,67,134,10,0,97,3,2,154,3060,16
6564,123,74,158,150,158,98,134,67,134,10,0,97,3,2,154,3060,16
6565,123,74,158,150,158,98,134,67,134,10,0,97,3,2,154,3060,16
6566,123,74,158,150,158,98,134,67,134,10,0,97,3,2,154,3060,16
6567,123,74,158,150,158,98,134,67,134,10,0,97,3,2,154,3060,16
6568,123,74,158,150,158,98,134,67,134,10,0,97,3,2,154,3060,16
6569,123,74,158,150,158,98,134,67,134,10,0,97,3,2,154,3060,16
6570,123,74,158,150,158,98,134,67,134,10,0,97,3,2,154,3060,16
6571,123,74,158,150,158,98,134,67,134,10,0,97,3,2,154,3060,16
6572,123,74,158,150,158,98,134,67,134,10,0,97,3,2,154,3060,16
6573,123,74,158,150,158,98,134,67,134,10,0,97,3,2,154,3060,16
6574,123,74,158,150,158,98,134,67,134,10,0,97,3,2,154,3060,16
6575,123,74,158,150,158,98,134,67,134,10,0,97,3,2,154,3060,16
6576,123,74,158,150,158,98,134,67,134,10,0,97,3,2,154,3060,16
6577,123,74,158,150,158,98,134,67,134,10,0,97,3,2,154,3060,16
6578,123,74,158,150,158,98,134,67,134,10,0,97,3,2,154,3060,16
6579,123,74,158,150,158,98,134,67,134,10,0,97,3,2,154,3060,16
6580,123,74,158,150,158,98,134,67,134,10,0,97,3,2,154,3060,16
6581,123,74,158,150,158,98,134,67,134,10,0,97,3,2,154,3060,16
6582,123,74,158,150,158,98,134,67,134,10,0,97,3,2,154,3060,16
6583,123,74,158,150,158,98,134,67,134,10,0,97,3,2,154,3060,16
6584,123,74,158,150,158,98,134,67,134,10,0,97,3,2,154,3060,16
6585,123,74,158,150,158,98,134,67,134,10,0,97,3,2,154,3060,16
6586,123,74,158,150,158,98,134,67,134,10,0,97,3,2,154,3060,16
6587,123,74,158,150,158,98,134,67,134,10,0,97,3,2,154,3060,16
6588,123,74,158,150,158,98,134,67,134,10,0,97,3,2,154,3060,16
6589,123,74,158,150,158,98,134,67,134,10,0,97,3,2,154,3060,16
6590,123,74,158,150,158,98,134,67,134,10,0,97,3,2,154,3060,16
6591,123,74,158,150,158,98,134,67,134,10,0,97,3,2,154,3060,16
6592,123,74,158,150,158,98,134,67,134,10,0,97,3,2,154,3060,16
6593,123,74,158,150,158,98,134,67,134,10,0,97,3,2,154,3060,16
6594,123,74,158,150,158,98,134,67,134,10,0,97,3,2,154,3060,16
6595,123,74,158,150,158,98,134,67,134,10,0,97,3,2,154,3060,16
6596,123,74,158,150,158,98,134,67,134,10,0,97,3,2,154,3060,16
6597,123,74,158,150,158,98,134,67,134,10,0,97,3,2,154,3060,16
6598,123,74,158,150,158,98,134,67,134,10,0,97,3,2,154,3060,16
6599,123,74,158,150,158,98,134,67,134,10,0,97,3,2,154,3060,16
6600,123,74,158,150,158,98,134,67,134,10,0,97,3,2,154,3060,16
6601,123,74,158,150,158,98,134,67,134,10,0,97,3,2,154,3060,16
6602,123,74,158,150,158,98,134,67,134,10,0,97,3,2,154,3060,16
6603,123,74,158,150,158,98,134,67,134,10,0,97,3,2,154,3060,16
6604,123,74,158,150,158,98,134,67,134,10,0,97,3,2,154,3060,16
6605,123,74,158,150,158,98,134,67,134,10,0,97,3,2,154,3060,16
6606,123,74,158,150,158,98,134,67,134,10,0,97,3,2,154,3060,16
6607,123,74,158,150,158,98,134,67,134,10,0,97,3,2,154,3060,16
6608,123,74,158,150,158,98,134,67,134,10,0,97,3,2,154,3060,16
6609,123,74,158,150,158,98,134,67,134,10,0,97,3,2,154,3060,16
6610,123,74,158,150,158,98,134,67,134,10,0,97,3,2,154,3060,16
6611,123,74,158,150,158,98,134,67,134,10,0,97,3,2,154,3060,16
6612,123,74,158,150,158,98,134,67,134,10,0,97,3,2,154,3060,16
6613,123,74,158,150,158,98,134,67,134,10,0,97,3,2,154,3060,16
6614,123,74,158,150,158,98,134,67,134,10,0,97,3,2,154,3060,16
6615,123,74,158,150,158,98,134,67,134,10,0,97,3,2,154,3060,16
6616,123,74,158,150,158,98,134,67,134,10,0,97,3,2,154,3060,16
6617,123,74,158,150,158,98,134,67,134,10,0,97,3,2,154,3060,16
6618,123,74,158,150,158,98,134,67,134,10,0,97,3,2,154,3060,16
6619,123,74,158,150,158,98,134,67,134,10,0,97,3,2,154,3060,16
6620,123,74,158,150,158,98,134,67,134,10,0,97,3,2,154,3060,16
6621,123,74,158,150,158,98,134,67,134,10,0,97,3,2,154,3060,16
6622,123,74,158,150,158,98,134,67,134,10,0,97,3,2,154,3060,16
6623,123,74,158,150,158,98,134,67,134,10,0,97,3,2,154,3060,16
6624,123,74,158,150,158,98,134,67,134,10,0,97,3,2,154,3060,16
6625,123,74,158,150,158,98,134,67,134,10,0,97,3,2,154,3060,16
6626,123,74,158,150,158,98,134,67,134,10,0,97,3,2,154,3060,16
6627,123,74,158,150,158,98,134,67,134,10,0,97,3,2,154,3060,16
6628,123,74,158,150,158,98,134,67,134,10,0,97,3,2,154,3060,16
6629,123,74,158,150,158,98,134,67,134,10,0,97,3,2,154,3060,16
6630,123,74,158,150,158,98,134,67,134,10,0,97,3,2,154,3060,16
6631,123,74,158,150,158,98,134,67,134,10,0,97,3,2,154,3060,16
6632,123,74,158,150,158,98,134,67,134,10,0,97,3,2,154,3060,16
6633,123,74,158,150,158,98,134,67,134,10,0,97,3,2,154,3060,16
6634,123,74,158,150,158,98,134,67,134,10,0,97,3,2,154,3060,16
6635,123,74,158,150,158,98,134,67,134,10,0,97,3,2,154,3060,16
6636,123,74,158,150,158,98,134,67,134,10,0,97,3,2,154,3060,16
6637,123,74,158,150,158,98,134,67,134,10,0,97,3,2,154,3060,16
6638,123,74,158,150,158,98,134,67,134,10,0,97,3,2,154,3060,16
6639,123,74,158,150,158,98,134,67,134,10,0,97,3,2,154,3060,16
6640,123,74,158,150,158,98,134,67,134,10,0,97,3,2,154,3060,16
6641,123,74,158,150,158,98,134,67,134,10,0,97,3,2,154,3060,16
6642,123,74,158,150,158,98,134,67,134,10,0,97,3,2,154,3060,16
6643,123,74,158,150,158,98,134,67,134,10,0,97,3,2,154,3060,16
6644,123,74,158,150,158,98,134,67,134,10,0,97,3,2,154,3060,16
6645,123,74,158,150,158,98,134,67,134,10,0,97,3,2,154,3060,16
6646,123,74,158,150,158,98,134,67,134,10,0,97,3,2,154,3060,16
6647,123,74,158,150,158,98,134,67,134,10,0,97,3,2,154,3060,16
6648,123,74,158,150,158,98,134,67,134,10,0,97,3,2,154,3060,16
6649,123,74,158,150,158,98,134,67,134,10,0,97,3,2,154,3060,16
6650,123,74,158,150,158,98,134,67,134,10,0,97,3,2,154,3060,16
6651,123,74,158,150,158,98,134,67,134,10,0,97,3,2,154,3060,16
6652,123,74,158,150,158,98,134,67,134,10,0,97,3,2,154,3060,16
6653,123,74,158,150,158,98,134,67,134,10,0,97,3,2,154,3060,16
6654,123,74,158,150,158,98,134,67,134,10,0,97,3,2,154,3060,16
6655,123,74,158,150,158,98,134,67,134,10,0,97,3,2,154,3060,16
6656,123,74,158,150,158,98,134,67,134,10,0,97,3,2,154,3060,16
6657,88,88,88,88,80,80,80,50,88,98,0,97,3,3,0,3060,32
6658,88,88,88,88,80,80,80,50,88,98,0,97,3,3,0,3060,32
6659,88,88,88,88,80,80,80,50,88,98,0,97,3,3,0,3060,32
6660,88,88,88,88,80,80,80,50,88,98,0,97,3,3,0,3060,32
6661,88,88,88,88,80,80,80,50,88,98,0,97,3,3,0,3060,32
6662,88,88,88,88,80,80,80,50,88,98,0,97,3,3,0,3060,32
6663,88,88,88,88,80,80,80,50,88,98,0,97,3,3,0,3060,32
6664,88,88,88,88,80,80,80,50,88,98,0,97,3,3,0,3060,32
6665,88,88,88,88,80,80,80,50,88,98,0,97,3,3,0,3060,32
6666,88,88,88,88,80,80,80,50,88,98,0,97,3,3,0,3060,32
6667,88,88,88,88,80,80,80,50,88,98,0,97,3,3,0,3060,32
6668,88,88,88,88,80,80,80,50,88,98,0,97,3,3,0,3060,32
6669,88,88,88,88,80,80,80,50,88,98,0,97,3,3,0,3060,32
6670,88,88,88,88,80,80,80,50,88,98,0,97,3,3,0,3060,32
6671,88,88,88,88,80,80,80,50,88,98,0,97,3,3,0,3060,32
6672,88,88,88,88,80,80,80,50,88,98,0,97,3,3,0,3060,32
6673,88,88,88,88,80,80,80,50,88,98,0,97,3,3,0,3060,32
6674,88,88,88,88,80,80,80,50,88,98,0,97,3,3,0,3060,32
6675,88,88,88,88,80,80,80,50,88,98,0,97,3,3,0,3060,32
6676,88,88,88,88,80,80,80,50,88,98,0,97,3,3,0,3060,32
6677,88,88,88,88,80,80,80,50,88,98,0,97,3,3,0,3060,32
6678,88,88,88,88,80,80,80,50,88,98,0,97,3,3,0,3060,32
6679,88,88,88,88,80,80,80,50,88,98,0,97,3,3,0,3060,32
6680,88,88,88,88,80,80,80,50,88,98,0,97,3,3,0,3060,32
6681,88,88,88,88,80,80,80,50,88,98,0,97,3,3,0,3060,32
6682,88,88,88,88,80,80,80,50,88,98,0,97,3,3,0,3060,32
6683,88,88,88,88,80,80,80,50,88,98,0,97,3,3,0,3060,32
6684,88,88,88,88,80,80,80,50,88,98,0,97,3,3,0,3060,32
6685,88,88,88,88,80,80,80,50,88,98,0,97,3,3,0,3060,32
6686,88,88,88,88,80,80,80,50,88,98,0,97,3,3,0,3060,32
6687,88,88,88,88,80,80,80,50,88,98,0,97,3,3,0,3060,32
6688,88,88,88,88,80,80,80,50,88,98,0,97,3,3,0,3060,32
6689,88,88,88,88,80,80,80,50,88,98,0,97,3,3,0,3060,32
6690,88,88,88,88,80,80,80,50,88,98,0,97,3,3,0,3060,32
6691,88,88,88,88,80,80,80,50,88,98,0,97,3,3,0,3060,32
6692,88,88,88,88,80,80,80,50,88,98,0,97,3,3,0,3060,32
6693,88,88,88,88,80,80,80,50,88,98,0,97,3,3,0,3060,32
6694,88,88,88,88,80,80,80,50,88,98,0,97,3,3,0,3060,32
6695,88,88,88,88,80,80,80,50,88,98,0,97,3,3,0,3060,32
6696,88,88,88,88,80,80,80,50,88,98,0,97,3,3,0,3060,32
6697,88,88,88,88,80,80,80,50,88,98,0,97,3,3,0,3060,32
6698,88,88,88,88,80,80,80,50,88,98,0,97,3,3,0,3060,32
6699,88,88,88,88,80,80,80,50,88,98,0,97,3,3,0,3060,32
6700,88,88,88,88,80,80,80,50,88,98,0,97,3,3,0,3060,32
6701,88,88,88,88,80,80,80,50,88,98,0,97,3,3,0,3060,32
6702,88,88,88,88,80,80,80,50,88,98,0,97,3,3,0,3060,32
6703,88,88,88,88,80,80,80,50,88,98,0,97,3,3,0,3060,32
6704,88,88,88,88,80,80,80,50,88,98,0,97,3,3,0,3060,32
6705,88,88,88,88,80,80,80,50,88,98,0,97,3,3,0,3060,32
6706,88,88,88,88,80,80,80,50,88,98,0,97,3,3,0,3060,32
6707,88,88,88,88,80,80,80,50,88,98,0,97,3,3,0,3060,32
6708,88,88,88,88,80,80,80,50,88,98,0,97,3,3,0,3060,32
6709,88,88,88,88,80,80,80,50,88,98,0,97,3,3,0,3060,32
6710,88,88,88,88,80,80,80,50,88,98,0,97,3,3,0,3060,32
6711,88,88,88,88,80,80,80,50,88,98,0,97,3,3,0,3060,32
6712,88,88,88,88,80,80,80,50,88,98,0,97,3,3,0,3060,32
6713,88,88,88,88,80,80,80,50,88,98,0,97,3,3,0,3060,32
6714,88,88,88,88,80,80,80,50,88,98,0,97,3,3,0,3060,32
6715,88,88,88,88,80,80,80,50,88,98,0,97,3,3,0,3060,32
6716,88,88,88,88,80,80,80,50,88,98,0,97,3,3,0,3060,32
6717,88,88,88,88,80,80,80,50,88,98,0,97,3,3,0,3060,32
6718,88,88,88,88,80,80,80,50,88,98,0,97,3,3,0,3060,32
6719,88,88,88,88,80,80,80,50,88,98,0,97,3,3,0,3060,32
6720,88,88,88,88,80,80,80,50,88,98,0,97,3,3,0,3060,32
6721,88,88,88,88,80,80,80,50,88,98,0,97,3,3,0,3060,32
6722,88,88,88,88,80,80,80,50,88,98,0,97,3,3,0,3060,32
6723,88,88,88,88,80,80,80,50,88,98,0,97,3,3,0,3060,32
6724,88,88,88,88,80,80,80,50,88,98,0,97,3,3,0,3060,32
6725,88,88,88,88,80,80,80,50,88,98,0,97,3,3,0,3060,32
6726,88,88,88,88,80,80,80,50,88,98,0,97,3,3,0,3060,32
6727,88,88,88,88,80,80,80,50,88,98,0,97,3,3,0,3060,32
6728,88,88,88,88,80,80,80,50,88,98,0,97,3,3,0,3060,32
6729,88,88,88,88,80,80,80,50,88,98,0,97,3,3,0,3060,32
6730,88,88,88,88,80,80,80,50,88,98,0,97,3,3,0,3060,32
6731,88,88,88,88,80,80,80,50,88,98,0,97,3,3,0,3060,32
6732,88,88,88,88,80,80,80,50,88,98,0,97,3,3,0,3060,32
6733,88,88,88,88,80,80,80,50,88,98,0,97,3,3,0,3060,32
6734,88,88,88,88,80,80,80,50,88,98,0,97,3,3,0,3060,32
6735,88,88,88,88,80,80,80,50,88,98,0,97,3,3,0,3060,32
6736,88,88,88,88,80,80,80,50,88,98,0,97,3,3,0,3060,32
6737,88,88,88,88,80,80,80,50,88,98,0,97,3,3,0,3060,32
6738,88,88,88,88,80,80,80,50,88,98,0,97,3,3,0,3060,32
6739,88,88,88,88,80,80,80,50,88,98,0,97,3,3,0,3060,32
6740,88,88,88,88,80,80,80,50,88,98,0,97,3,3,0,3060,32
6741,88,88,88,88,80,80,80,50,88,98,0,97,3,3,0,3060,32
6742,88,88,88,88,80,80,80,50,88,98,0,97,3,3,0,3060,32
6743,88,88,88,88,80,80,80,50,88,98,0,97,3,3,0,3060,32
6744,88,88,88,88,80,80,80,50,88,98,0,97,3,3,0,3060,32
6745,88,88,88,88,80,80,80,50,88,98,0,97,3,3,0,3060,32
6746,88,88,88,88,80,80,80,50,88,98,0,97,3,3,0,3060,32
6747,88,88,88,88,80,80,80,50,88,98,0,97,3,3,0,3060,32
6748,88,88,88,88,80,80,80,50,88,98,0,97,3,3,0,3060,32
6749,88,88,88,88,80,80,80,50,88,98,0,97,3,3,0,3060,32
6750,88,88,88,88,80,80,80,50,88,98,0,97,3,3,0,3060,32
6751,88,88,88,88,80,80,80,50,88,98,0,97,3,3,0,3060,32
6752,88,88,88,88,80,80,80,50,88,98,0,97,3,3,0,3060,32
6753,88,88,88,88,80,80,80,50,88,98,0,97,3,3,0,3060,32
6754,88,88,88,88,80,80,80,50,88,98,0,97,3,3,0,3060,32
6755,88,88,88,88,80,80,80,50,88,98,0,97,3,3,0,3060,32
6756,88,88,88,88,80,80,80,50,88,98,0,97,3,3,0,3060,32
6757,88,88,88,88,80,80,80,50,88,98,0,97,3,3,0,3060,32
6758,88,88,88,88,80,80,80,50,88,98,0,97,3,3,0,3060,32
6759,88,88,88,88,80,80,80,50,88,98,0,97,3,3,0,3060,32
6760,88,88,88,88,80,80,80,50,88,98,0,97,3,3,0,3060,32
6761,88,88,88,88,80,80,80,50,88,98,0,97,3,3,0,3060,32
6762,88,88,88,88,80,80,80,50,88,98,0,97,3,3,0,3060,32
6763,88,88,88,88,80,80,80,50,88,98,0,97,3,3,0,3060,32
6764,88,88,88,88,80,80,80,50,88,98,0,97,3,3,0,3060,32
6765,88,88,88,88,80,80,80,50,88,98,0,97,3,3,0,3060,32
6766,88,88,88,88,80,80,80,50,88,98,0,97,3,3,0,3060,32
6767,88,88,88,88,80,80,80,50,88,98,0,97,3,3,0,3060,32
6768,88,88,88,88,80,80,80,50,88,98,0,97,3,3,0,3060,32
6769,88,88,88,88,80,80,80,50,88,98,0,97,3,3,0,3060,32
6770,88,88,88,88,80,80,80,50,88,98,0,97,3,3,0,3060,32
6771,88,88,88,88,80,80,80,50,88,98,0,97,3,3,0,3060,32
6772,88,88,88,88,80,80,80,50,88,98,0,97,3,3,0,3060,32
6773,88,88,88,88,80,80,80,50,88,98,0,97,3,3,0,3060,32
6774,88,88,88,88,80,80,80,50,88,98,0,97,3,3,0,3060,32
6775,88,88,88,88,80,80,80,50,88,98,0,97,3,3,0,3060,32
6776,88,88,88,88,80,80,80,50,88,98,0,97,3,3,0,3060,32
6777,88,88,88,88,80,80,80,50,86,98,0,97,3,3,0,3060,32
6778,89,90,89,86,80,80,80,50,86,98,0,97,3,3,0,3060,32
6779,89,90,89,86,80,80,80,50,85,98,0,97,3,3,0,3060,32
6780,91,91,91,85,80,80,80,50,85,98,0,97,3,3,0,3060,32
6781,91,91,91,85,80,80,80,50,83,98,0,97,3,3,1,3070,32
6782,92,93,92,84,80,80,80,50,83,98,0,97,3,3,1,3070,32
6783,92,93,92,84,80,80,80,50,82,98,0,97,3,3,1,3070,32
6784,94,94,93,83,80,79,80,50,82,98,0,97,3,3,1,3070,32
6785,94,94,93,83,80,79,80,50,81,98,0,97,3,3,1,3070,32
6786,94,94,94,81,79,77,80,50,81,98,0,97,3,3,1,3070,32
6787,94,94,94,81,79,77,80,50,80,98,0,97,3,3,1,3070,32
6788,94,94,94,80,77,76,78,50,80,98,0,97,3,3,1,3070,32
6789,94,94,94,80,77,76,78,50,79,98,0,97,3,3,1,3070,32
6790,94,94,94,78,76,74,77,50,79,98,0,97,3,3,1,3070,32
6791,94,94,94,78,76,74,77,50,78,98,0,97,3,3,1,3070,32
6792,94,94,94,77,74,73,76,50,78,98,0,97,3,3,1,3070,32
6793,94,94,94,77,74,73,76,50,76,98,0,97,3,3,1,3070,32
6794,94,94,94,75,73,71,75,50,76,98,0,97,3,3,1,3070,32
6795,94,94,94,75,73,71,75,50,75,98,0,97,3,3,2,3080,32
6796,94,94,94,74,71,70,73,50,75,98,0,97,3,3,2,3080,32
6797,94,94,94,74,71,70,73,50,74,98,0,97,3,3,2,3080,32
6798,94,94,94,73,70,68,72,50,74,98,0,97,3,3,2,3080,32
6799,94,94,94,73,70,68,72,50,73,98,0,97,3,3,2,3080,32
6800,94,94,94,72,68,66,71,50,73,98,0,97,3,3,2,3080,32
6801,94,94,94,72,68,66,71,50,72,98,0,97,3,3,2,3080,32
6802,94,92,94,70,67,66,70,50,72,98,0,97,3,3,2,3080,32
6803,94,92,94,70,67,66,70,50,71,98,0,97,3,3,2,3080,32
6804,93,91,94,69,66,66,68,50,71,98,0,97,3,3,2,3080,32
6805,93,91,94,69,66,66,68,50,69,98,0,97,3,3,2,3080,32
6806,92,89,94,67,66,66,67,50,69,98,0,97,3,3,2,3080,32
6807,92,89,94,67,66,66,67,50,68,98,0,97,3,3,2,3080,32
6808,90,88,94,66,66,66,66,50,68,98,0,97,3,3,2,3080,32
6809,90,88,94,66,66,66,66,50,66,98,0,97,3,3,3,3090,32
6810,89,87,93,64,66,66,66,50,66,98,0,97,3,3,3,3090,32
6811,89,87,93,64,66,66,66,50,66,96,0,97,3,0,3,3090,32
6812,88,86,91,63,65,66,66,50,66,96,0,97,3,0,3,3090,32
6813,88,86,91,63,65,66,66,50,66,95,0,97,3,0,3,3090,32
6814,88,85,90,62,64,66,66,50,66,95,0,97,3,0,3,3090,32
6815,88,85,90,62,64,66,66,50,66,93,0,97,3,0,3,3090,32
6816,88,83,89,61,62,66,66,50,66,93,0,97,3,0,3,3090,32
6817,88,83,89,61,62,66,66,50,66,92,0,97,3,0,3,3090,32
6818,88,82,88,59,61,66,66,50,66,92,0,97,3,0,3,3090,32
6819,88,82,88,59,61,66,66,50,66,90,0,97,3,0,3,3090,32
6820,88,82,86,58,59,67,66,50,66,90,0,97,3,0,3,3090,32
6821,88,82,86,58,59,67,66,50,66,88,0,97,3,0,3,3090,32
6822,88,82,84,58,58,68,66,48,66,88,0,97,3,0,3,3090,32
6823,88,82,84,58,58,68,66,48,66,86,0,97,3,0,4,3100,32
6824,88,82,83,58,56,69,66,46,66,86,0,97,3,0,4,3100,32
6825,88,82,83,58,56,69,66,46,66,85,0,97,3,0,4,3100,32
6826,88,82,82,58,55,70,67,44,66,85,0,97,3,0,4,3100,32
6827,88,82,82,58,55,70,67,44,66,83,0,97,3,0,4,3100,32
6828,88,82,82,58,53,71,69,42,66,83,0,97,3,0,4,3100,32
6829,88,82,82,58,53,71,69,42,66,82,0,97,3,0,4,3100,32
6830,88,82,82,58,52,72,71,41,66,82,0,97,3,0,4,3100,32
6831,88,82,82,58,52,72,71,41,66,80,0,97,3,0,4,3100,32
6832,88,82,82,58,50,74,72,39,66,80,0,97,3,0,4,3100,32
6833,88,82,82,58,50,74,72,39,66,78,0,97,3,0,4,3100,32
6834,87,82,82,58,50,75,74,37,66,78,0,97,3,0,4,3100,32
6835,87,82,82,58,50,75,74,37,66,76,0,97,3,0,4,3100,32
6836,86,82,82,58,50,76,76,35,66,76,0,97,3,0,4,3100,32
6837,86,82,82,58,50,76,76,35,66,74,0,97,3,0,5,3110,32
6838,85,82,82,58,50,77,78,33,66,74,0,97,3,0,5,3110,32
6839,85,82,82,58,50,77,78,33,66,72,0,97,3,0,5,3110,32
6840,84,82,82,58,50,78,79,31,66,72,0,97,3,0,5,3110,32
6841,84,82,82,58,50,78,79,31,66,71,0,97,3,0,5,3110,32
6842,83,82,83,58,50,79,80,29,66,71,0,97,3,0,5,3110,32
6843,83,82,83,58,50,79,80,29,66,69,0,97,3,0,5,3110,32
6844,82,82,85,58,50,80,80,27,66,69,0,97,3,0,5,3110,32
6845,82,82,85,58,50,80,80,27,66,68,0,97,3,0,5,3110,32
6846,81,83,87,58,50,80,80,26,66,68,0,97,3,0,5,3110,32
6847,81,83,87,58,50,80,80,26,66,66,0,97,3,0,5,3110,32
6848,80,85,88,57,50,80,80,26,66,66,0,97,3,0,5,3110,32
6849,80,85,88,57,50,80,80,26,66,64,0,97,3,0,5,3110,32
6850,79,86,90,55,50,80,80,26,66,64,0,97,3,0,5,3110,32
6851,79,86,90,55,50,80,80,26,66,62,0,97,3,0,6,3120,32
6852,78,87,92,54,50,80,80,26,66,62,0,97,3,0,6,3120,32
6853,78,87,92,54,50,80,80,26,66,61,0,97,3,0,6,3120,32
6854,77,88,94,52,50,80,80,26,66,61,0,97,3,0,6,3120,32
6855,77,88,94,52,50,80,80,26,66,59,0,97,3,0,6,3120,32
6856,76,89,94,51,50,80,79,26,66,59,0,97,3,0,6,3120,32
6857,76,89,94,51,50,80,79,26,66,58,0,97,3,0,6,3120,32
6858,75,90,94,49,50,80,77,26,66,58,0,97,3,0,6,3120,32
6859,75,90,94,49,50,80,77,26,66,56,0,97,3,0,6,3120,32
6860,74,91,94,48,50,80,75,26,66,56,0,97,3,0,6,3120,32
6861,74,91,94,48,50,80,75,26,66,54,0,97,3,0,6,3120,32
6862,73,92,94,47,50,80,73,26,66,54,0,97,3,0,6,3120,32
6863,73,92,94,47,50,80,73,26,66,52,0,97,3,0,6,3120,32
6864,72,94,94,46,50,80,72,26,66,52,0,97,3,0,6,3120,32
6865,72,94,94,46,50,80,72,26,66,50,0,97,3,0,7,3130,32
6866,71,94,94,44,50,79,70,26,66,50,0,97,3,0,7,3130,32
6867,71,94,94,44,50,79,70,26,67,50,0,97,3,1,7,3130,32
6868,71,94,94,44,50,79,70,26,67,50,0,97,3,1,7,3130,32
6869,71,94,94,44,50,79,70,26,67,50,0,97,3,1,7,3130,32
6870,71,94,94,44,50,79,70,26,67,50,0,97,3,1,7,3130,32
6871,71,94,94,44,50,79,70,26,67,50,0,97,3,1,7,3130,32
6872,71,94,94,44,50,79,70,26,67,50,0,97,3,1,7,3130,32
6873,71,94,94,44,50,79,70,26,67,50,0,97,3,1,7,3130,32
6874,71,94,94,44,50,79,70,26,67,50,0,97,3,1,7,3130,32
6875,71,94,94,44,50,79,70,26,67,50,0,97,3,1,7,3130,32
6876,71,94,94,44,50,79,70,26,67,50,0,97,3,1,7,3130,32
6877,71,94,94,44,50,79,70,26,67,50,0,97,3,1,7,3130,32
6878,71,94,94,44,50,79,70,26,67,50,0,97,3,1,7,3130,32
6879,71,94,94,44,50,79,70,26,67,50,0,97,3,1,7,3130,32
6880,71,94,94,44,50,79,70,26,67,50,0,97,3,1,7,3130,32
6881,71,94,94,44,50,79,70,26,67,50,0,97,3,1,7,3130,32
6882,71,94,94,44,50,79,70,26,67,50,0,97,3,1,7,3130,32
6883,71,94,94,44,50,79,70,26,67,50,0,97,3,1,7,3130,32
6884,71,94,94,44,50,79,70,26,67,50,0,97,3,1,7,3130,32
6885,71,94,94,44,50,79,70,26,67,50,0,97,3,1,7,3130,32
6886,71,94,94,44,50,79,70,26,67,50,0,97,3,1,7,3130,32
6887,71,94,94,44,50,79,70,26,67,50,0,97,3,1,7,3130,32
6888,71,94,94,44,50,79,70,26,67,50,0,97,3,1,7,3130,32
6889,71,94,94,44,50,79,70,26,67,50,0,97,3,1,7,3130,32
6890,71,94,94,44,50,79,70,26,67,50,0,97,3,1,7,3130,32
6891,71,94,94,44,50,79,70,26,67,50,0,97,3,1,7,3130,32
6892,71,94,94,44,50,79,70,26,67,50,0,97,3,1,7,3130,32
6893,71,94,94,44,50,79,70,26,67,50,0,97,3,1,7,3130,32
6894,71,94,94,44,50,79,70,26,67,50,0,97,3,1,7,3130,32
6895,71,94,94,44,50,79,70,26,67,50,0,97,3,1,7,3130,32
6896,71,94,94,44,50,79,70,26,67,50,0,97,3,1,7,3130,32
6897,71,94,94,44,50,79,70,26,67,50,0,97,3,1,7,3130,32
6898,71,94,94,44,50,79,70,26,67,50,0,97,3,1,7,3130,32
6899,71,94,94,44,50,79,70,26,67,50,0,97,3,1,7,3130,32
6900,71,94,94,44,50,79,70,26,67,50,0,97,3,1,7,3130,32
6901,71,94,94,44,50,79,70,26,67,50,0,97,3,1,7,3130,32
6902,71,94,94,44,50,79,70,26,67,50,0,97,3,1,7,3130,32
6903,71,94,94,44,50,79,70,26,67,50,0,97,3,1,7,3130,32
6904,71,94,94,44,50,79,70,26,67,50,0,97,3,1,7,3130,32
6905,71,94,94,44,50,79,70,26,67,50,0,97,3,0,7,3130,32
6906,71,94,94,44,50,79,70,26,67,50,0,97,3,0,7,3130,32
6907,71,94,94,44,50,79,70,26,67,50,0,97,3,0,7,3130,32
6908,71,94,94,44,50,79,70,26,67,50,0,97,3,0,7,3130,32
6909,71,94,94,44,50,79,70,26,67,50,0,97,3,0,7,3130,32
6910,71,94,94,44,50,79,70,26,67,50,0,97,3,0,7,3130,32
6911,71,94,94,44,50,79,70,26,67,50,0,97,3,0,7,3130,32
6912,71,94,94,44,50,79,70,26,67,50,0,97,3,0,7,3130,32
6913,71,94,94,44,50,79,70,26,67,50,0,97,3,1,7,3130,32
6914,71,94,94,44,50,79,70,26,67,50,0,97,3,1,7,3130,32
6915,71,94,94,44,50,79,70,26,67,50,0,97,3,1,7,3130,32
6916,71,94,94,44,50,79,70,26,67,50,0,97,3,1,7,3130,32
6917,71,94,94,44,50,79,70,26,67,50,0,97,3,1,7,3130,32
6918,71,94,94,44,50,79,70,26,67,50,0,97,3,1,7,3130,32
6919,71,94,94,44,50,79,70,26,67,50,0,97,3,1,7,3130,32
6920,71,94,94,44,50,79,70,26,67,50,0,97,3,1,7,3130,32
6921,71,94,94,44,50,79,70,26,67,50,0,97,3,2,7,3130,32
6922,71,94,94,44,50,79,70,26,67,50,0,97,3,2,7,3130,32
6923,71,94,94,44,50,79,70,26,67,50,0,97,3,2,7,3130,32
6924,71,94,94,44,50,79,70,26,67,50,0,97,3,2,7,3130,32
6925,71,94,94,44,50,79,70,26,67,50,0,97,3,2,7,3130,32
6926,71,94,94,44,50,79,70,26,67,50,0,97,3,2,7,3130,32
6927,71,94,94,44,50,79,70,26,67,50,0,97,3,2,7,3130,32
6928,71,94,94,44,50,79,70,26,67,50,0,97,3,2,7,3130,32
6929,71,94,94,44,50,79,70,26,67,50,0,97,3,3,7,3130,32
6930,71,94,94,44,50,79,70,26,67,50,0,97,3,3,7,3130,32
6931,71,94,94,44,50,79,70,26,67,50,0,97,3,3,7,3130,32
6932,71,94,94,44,50,79,70,26,67,50,0,97,3,3,7,3130,32
6933,71,94,94,44,50,79,70,26,67,50,0,97,3,3,7,3130,32
6934,71,94,94,44,50,79,70,26,67,50,0,97,3,3,7,3130,32
6935,71,94,94,44,50,79,70,26,67,50,0,97,3,3,7,3130,32
6936,71,94,94,44,50,79,70,26,67,50,0,97,3,3,7,3130,32
6937,71,94,94,44,50,79,70,26,67,50,0,97,3,0,7,3130,32
6938,71,94,94,44,50,79,70,26,67,50,0,97,3,0,7,3130,32
6939,71,94,94,44,50,79,70,26,67,50,0,97,3,0,7,3130,32
6940,71,94,94,44,50,79,70,26,67,50,0,97,3,0,7,3130,32
6941,71,94,94,44,50,79,70,26,67,50,0,97,3,0,7,3130,32
6942,71,94,94,44,50,79,70,26,67,50,0,97,3,0,7,3130,32
6943,71,94,94,44,50,79,70,26,67,50,0,97,3,0,7,3130,32
6944,71,94,94,44,50,79,70,26,67,50,0,97,3,0,7,3130,32
6945,71,94,94,44,50,79,70,26,67,50,0,97,3,1,7,3130,32
