frame_number,enemy_sue_x,enemy_inky_x,enemy_pinky_x,enemy_blinky_x,enemy_sue_y,enemy_inky_y,enemy_pinky_y,enemy_blinky_y,player_x,player_y,fruit_x,fruit_y,ghosts_count,player_direction,dots_eaten_count,player_score,num_lives
0,88,88,88,88,80,80,80,50,88,98,0,0,3,3,0,0,2
1,88,88,88,88,80,80,80,50,88,98,0,0,3,3,0,0,2
2,88,88,88,88,80,80,80,50,88,98,0,0,3,3,0,0,2
3,88,88,88,88,80,80,80,50,88,98,0,0,3,3,0,0,2
4,88,88,88,88,80,80,80,50,88,98,0,0,3,3,0,0,2
5,88,88,88,88,80,80,80,50,88,98,0,0,3,3,0,0,2
6,88,88,88,88,80,80,80,50,88,98,0,0,3,3,0,0,2
7,88,88,88,88,80,80,80,50,88,98,0,0,3,3,0,0,2
8,88,88,88,88,80,80,80,50,88,98,0,0,3,3,0,0,2
9,88,88,88,88,80,80,80,50,88,98,0,0,3,3,0,0,2
10,88,88,88,88,80,80,80,50,88,98,0,0,3,3,0,0,2
11,88,88,88,88,80,80,80,50,88,98,0,0,3,3,0,0,2
12,88,88,88,88,80,80,80,50,88,98,0,0,3,3,0,0,2
13,88,88,88,88,80,80,80,50,88,98,0,0,3,3,0,0,2
14,88,88,88,88,80,80,80,50,88,98,0,0,3,3,0,0,2
15,88,88,88,88,80,80,80,50,88,98,0,0,3,3,0,0,2
16,88,88,88,88,80,80,80,50,88,98,0,0,3,3,0,0,2
17,88,88,88,88,80,80,80,50,88,98,0,0,3,3,0,0,2
18,88,88,88,88,80,80,80,50,88,98,0,0,3,3,0,0,2
19,88,88,88,88,80,80,80,50,88,98,0,0,3,3,0,0,2
20,88,88,88,88,80,80,80,50,88,98,0,0,3,3,0,0,2
21,88,88,88,88,80,80,80,50,88,98,0,0,3,3,0,0,2
22,88,88,88,88,80,80,80,50,88,98,0,0,3,3,0,0,2
23,88,88,88,88,80,80,80,50,88,98,0,0,3,3,0,0,2
24,88,88,88,88,80,80,80,50,88,98,0,0,3,3,0,0,2
25,88,88,88,88,80,80,80,50,88,98,0,0,3,3,0,0,2
26,88,88,88,88,80,80,80,50,88,98,0,0,3,3,0,0,2
27,88,88,88,88,80,80,80,50,88,98,0,0,3,3,0,0,2
28,88,88,88,88,80,80,80,50,88,98,0,0,3,3,0,0,2
29,88,88,88,88,80,80,80,50,88,98,0,0,3,3,0,0,2
30,88,88,88,88,80,80,80,50,88,98,0,0,3,3,0,0,2
31,88,88,88,88,80,80,80,50,88,98,0,0,3,3,0,0,2
32,88,88,88,88,80,80,80,50,88,98,0,0,3,3,0,0,2
33,88,88,88,88,80,80,80,50,88,98,0,0,3,3,0,0,2
34,88,88,88,88,80,80,80,50,88,98,0,0,3,3,0,0,2
35,88,88,88,88,80,80,80,50,88,98,0,0,3,3,0,0,2
36,88,88,88,88,80,80,80,50,88,98,0,0,3,3,0,0,2
37,88,88,88,88,80,80,80,50,88,98,0,0,3,3,0,0,2
38,88,88,88,88,80,80,80,50,88,98,0,0,3,3,0,0,2
39,88,88,88,88,80,80,80,50,88,98,0,0,3,3,0,0,2
40,88,88,88,88,80,80,80,50,88,98,0,0,3,3,0,0,2
41,88,88,88,88,80,80,80,50,88,98,0,0,3,3,0,0,2
42,88,88,88,88,80,80,80,50,88,98,0,0,3,3,0,0,2
43,88,88,88,88,80,80,80,50,88,98,0,0,3,3,0,0,2
44,88,88,88,88,80,80,80,50,88,98,0,0,3,3,0,0,2
45,88,88,88,88,80,80,80,50,88,98,0,0,3,3,0,0,2
46,88,88,88,88,80,80,80,50,88,98,0,0,3,3,0,0,2
47,88,88,88,88,80,80,80,50,88,98,0,0,3,3,0,0,2
48,88,88,88,88,80,80,80,50,88,98,0,0,3,3,0,0,2
49,88,88,88,88,80,80,80,50,88,98,0,0,3,3,0,0,2
50,88,88,88,88,80,80,80,50,88,98,0,0,3,3,0,0,2
51,88,88,88,88,80,80,80,50,88,98,0,0,3,3,0,0,2
52,88,88,88,88,80,80,80,50,88,98,0,0,3,3,0,0,2
53,88,88,88,88,80,80,80,50,88,98,0,0,3,3,0,0,2
54,88,88,88,88,80,80,80,50,88,98,0,0,3,3,0,0,2
55,88,88,88,88,80,80,80,50,88,98,0,0,3,3,0,0,2
56,88,88,88,88,80,80,80,50,88,98,0,0,3,3,0,0,2
57,88,88,88,88,80,80,80,50,88,98,0,0,3,3,0,0,2
58,88,88,88,88,80,80,80,50,88,98,0,0,3,3,0,0,2
59,88,88,88,88,80,80,80,50,88,98,0,0,3,3,0,0,2
60,88,88,88,88,80,80,80,50,88,98,0,0,3,3,0,0,2
61,88,88,88,88,80,80,80,50,88,98,0,0,3,3,0,0,2
62,88,88,88,88,80,80,80,50,88,98,0,0,3,3,0,0,2
63,88,88,88,88,80,80,80,50,88,98,0,0,3,3,0,0,2
64,88,88,88,88,80,80,80,50,88,98,0,0,3,3,0,0,2
65,88,88,88,88,80,80,80,50,88,98,0,0,3,3,0,0,2
66,88,88,88,88,80,80,80,50,88,98,0,0,3,3,0,0,2
67,88,88,88,88,80,80,80,50,88,98,0,0,3,3,0,0,2
68,88,88,88,88,80,80,80,50,88,98,0,0,3,3,0,0,2
69,88,88,88,88,80,80,80,50,88,98,0,0,3,3,0,0,2
70,88,88,88,88,80,80,80,50,88,98,0,0,3,3,0,0,2
71,88,88,88,88,80,80,80,50,88,98,0,0,3,3,0,0,2
72,88,88,88,88,80,80,80,50,88,98,0,0,3,3,0,0,2
73,88,88,88,88,80,80,80,50,88,98,0,0,3,3,0,0,2
74,88,88,88,88,80,80,80,50,88,98,0,0,3,3,0,0,2
75,88,88,88,88,80,80,80,50,88,98,0,0,3,3,0,0,2
76,88,88,88,88,80,80,80,50,88,98,0,0,3,3,0,0,2
77,88,88,88,88,80,80,80,50,88,98,0,0,3,3,0,0,2
78,88,88,88,88,80,80,80,50,88,98,0,0,3,3,0,0,2
79,88,88,88,88,80,80,80,50,88,98,0,0,3,3,0,0,2
80,88,88,88,88,80,80,80,50,88,98,0,0,3,3,0,0,2
81,88,88,88,88,80,80,80,50,88,98,0,0,3,3,0,0,2
82,88,88,88,88,80,80,80,50,88,98,0,0,3,3,0,0,2
83,88,88,88,88,80,80,80,50,88,98,0,0,3,3,0,0,2
84,88,88,88,88,80,80,80,50,88,98,0,0,3,3,0,0,2
85,88,88,88,88,80,80,80,50,88,98,0,0,3,3,0,0,2
86,88,88,88,88,80,80,80,50,88,98,0,0,3,3,0,0,2
87,88,88,88,88,80,80,80,50,88,98,0,0,3,3,0,0,2
88,88,88,88,88,80,80,80,50,88,98,0,0,3,3,0,0,2
89,88,88,88,88,80,80,80,50,88,98,0,0,3,3,0,0,2
90,88,88,88,88,80,80,80,50,88,98,0,0,3,3,0,0,2
91,88,88,88,88,80,80,80,50,88,98,0,0,3,3,0,0,2
92,88,88,88,88,80,80,80,50,88,98,0,0,3,3,0,0,2
93,88,88,88,88,80,80,80,50,88,98,0,0,3,3,0,0,2
94,88,88,88,88,80,80,80,50,88,98,0,0,3,3,0,0,2
95,88,88,88,88,80,80,80,50,88,98,0,0,3,3,0,0,2
96,88,88,88,88,80,80,80,50,88,98,0,0,3,3,0,0,2
97,88,88,88,88,80,80,80,50,88,98,0,0,3,3,0,0,2
98,88,88,88,88,80,80,80,50,88,98,0,0,3,3,0,0,2
99,88,88,88,88,80,80,80,50,88,98,0,0,3,3,0,0,2
100,88,88,88,88,80,80,80,50,88,98,0,0,3,3,0,0,2
101,88,88,88,88,80,80,80,50,88,98,0,0,3,3,0,0,2
102,88,88,88,88,80,80,80,50,88,98,0,0,3,3,0,0,2
103,88,88,88,88,80,80,80,50,88,98,0,0,3,3,0,0,2
104,88,88,88,88,80,80,80,50,88,98,0,0,3,3,0,0,2
105,88,88,88,88,80,80,80,50,88,98,0,0,3,3,0,0,2
106,88,88,88,88,80,80,80,50,88,98,0,0,3,3,0,0,2
107,88,88,88,88,80,80,80,50,88,98,0,0,3,3,0,0,2
108,88,88,88,88,80,80,80,50,88,98,0,0,3,3,0,0,2
109,88,88,88,88,80,80,80,50,88,98,0,0,3,3,0,0,2
110,88,88,88,88,80,80,80,50,88,98,0,0,3,3,0,0,2
111,88,88,88,88,80,80,80,50,88,98,0,0,3,3,0,0,2
112,88,88,88,88,80,80,80,50,88,98,0,0,3,3,0,0,2
113,88,88,88,88,80,80,80,50,88,98,0,0,3,3,0,0,2
114,88,88,88,88,80,80,80,50,88,98,0,0,3,3,0,0,2
115,88,88,88,88,80,80,80,50,88,98,0,0,3,3,0,0,2
116,88,88,88,88,80,80,80,50,88,98,0,0,3,3,0,0,2
117,88,88,88,88,80,80,80,50,88,98,0,0,3,3,0,0,2
118,88,88,88,88,80,80,80,50,88,98,0,0,3,3,0,0,2
119,88,88,88,88,80,80,80,50,88,98,0,0,3,3,0,0,2
120,88,88,88,88,80,80,80,50,88,98,0,0,3,3,0,0,2
121,88,88,88,88,80,80,80,50,88,98,0,0,3,3,0,0,2
122,88,88,88,88,80,80,80,50,88,98,0,0,3,3,0,0,2
123,88,88,88,88,80,80,80,50,88,98,0,0,3,3,0,0,2
124,88,88,88,88,80,80,80,50,88,98,0,0,3,3,0,0,2
125,88,88,88,88,80,80,80,50,88,98,0,0,3,3,0,0,2
126,88,88,88,88,80,80,80,50,88,98,0,0,3,3,0,0,2
127,88,88,88,88,80,80,80,50,88,98,0,0,3,3,0,0,2
128,88,88,88,88,80,80,80,50,88,98,0,0,3,3,0,0,2
129,88,88,88,88,80,80,80,50,88,98,0,0,3,3,0,0,2
130,88,88,88,88,80,80,80,50,88,98,0,0,3,3,0,0,2
131,88,88,88,88,80,80,80,50,88,98,0,0,3,3,0,0,2
132,88,88,88,88,80,80,80,50,88,98,0,0,3,3,0,0,2
133,88,88,88,88,80,80,80,50,88,98,0,0,3,3,0,0,2
134,88,88,88,88,80,80,80,50,88,98,0,0,3,3,0,0,2
135,88,88,88,88,80,80,80,50,88,98,0,0,3,3,0,0,2
136,88,88,88,88,80,80,80,50,88,98,0,0,3,3,0,0,2
137,88,88,88,88,80,80,80,50,88,98,0,0,3,3,0,0,2
138,88,88,88,88,80,80,80,50,88,98,0,0,3,3,0,0,2
139,88,88,88,88,80,80,80,50,88,98,0,0,3,3,0,0,2
140,88,88,88,88,80,80,80,50,88,98,0,0,3,3,0,0,2
141,88,88,88,88,80,80,80,50,88,98,0,0,3,3,0,0,2
142,88,88,88,88,80,80,80,50,88,98,0,0,3,3,0,0,2
143,88,88,88,88,80,80,80,50,88,98,0,0,3,3,0,0,2
144,88,88,88,88,80,80,80,50,88,98,0,0,3,3,0,0,2
145,88,88,88,88,80,80,80,50,88,98,0,0,3,3,0,0,2
146,88,88,88,88,80,80,80,50,88,98,0,0,3,3,0,0,2
147,88,88,88,88,80,80,80,50,88,98,0,0,3,3,0,0,2
148,88,88,88,88,80,80,80,50,88,98,0,0,3,3,0,0,2
149,88,88,88,88,80,80,80,50,88,98,0,0,3,3,0,0,2
150,88,88,88,88,80,80,80,50,88,98,0,0,3,3,0,0,2
151,88,88,88,88,80,80,80,50,88,98,0,0,3,3,0,0,2
152,88,88,88,88,80,80,80,50,88,98,0,0,3,3,0,0,2
153,88,88,88,88,80,80,80,50,88,98,0,0,3,3,0,0,2
154,88,88,88,88,80,80,80,50,88,98,0,0,3,3,0,0,2
155,88,88,88,88,80,80,80,50,88,98,0,0,3,3,0,0,2
156,88,88,88,88,80,80,80,50,88,98,0,0,3,3,0,0,2
157,88,88,88,88,80,80,80,50,88,98,0,0,3,3,0,0,2
158,88,88,88,88,80,80,80,50,88,98,0,0,3,3,0,0,2
159,88,88,88,88,80,80,80,50,88,98,0,0,3,3,0,0,2
160,88,88,88,88,80,80,80,50,88,98,0,0,3,3,0,0,2
161,88,88,88,88,80,80,80,50,88,98,0,0,3,3,0,0,2
162,88,88,88,88,80,80,80,50,88,98,0,0,3,3,0,0,2
163,88,88,88,88,80,80,80,50,88,98,0,0,3,3,0,0,2
164,88,88,88,88,80,80,80,50,88,98,0,0,3,3,0,0,2
165,88,88,88,88,80,80,80,50,88,98,0,0,3,3,0,0,2
166,88,88,88,88,80,80,80,50,88,98,0,0,3,3,0,0,2
167,88,88,88,88,80,80,80,50,88,98,0,0,3,3,0,0,2
168,88,88,88,88,80,80,80,50,88,98,0,0,3,3,0,0,2
169,88,88,88,88,80,80,80,50,88,98,0,0,3,3,0,0,2
170,88,88,88,88,80,80,80,50,88,98,0,0,3,3,0,0,2
171,88,88,88,88,80,80,80,50,88,98,0,0,3,3,0,0,2
172,88,88,88,88,80,80,80,50,88,98,0,0,3,3,0,0,2
173,88,88,88,88,80,80,80,50,88,98,0,0,3,3,0,0,2
174,88,88,88,88,80,80,80,50,88,98,0,0,3,3,0,0,2
175,88,88,88,88,80,80,80,50,88,98,0,0,3,3,0,0,2
176,88,88,88,88,80,80,80,50,88,98,0,0,3,3,0,0,2
177,88,88,88,88,80,80,80,50,88,98,0,0,3,3,0,0,2
178,88,88,88,88,80,80,80,50,88,98,0,0,3,3,0,0,2
179,88,88,88,88,80,80,80,50,88,98,0,0,3,3,0,0,2
180,88,88,88,88,80,80,80,50,88,98,0,0,3,3,0,0,2
181,88,88,88,88,80,80,80,50,88,98,0,0,3,3,0,0,2
182,88,88,88,88,80,80,80,50,88,98,0,0,3,3,0,0,2
183,88,88,88,88,80,80,80,50,88,98,0,0,3,3,0,0,2
184,88,88,88,88,80,80,80,50,88,98,0,0,3,3,0,0,2
185,88,88,88,88,80,80,80,50,88,98,0,0,3,3,0,0,2
186,88,88,88,88,80,80,80,50,88,98,0,0,3,3,0,0,2
187,88,88,88,88,80,80,80,50,88,98,0,0,3,3,0,0,2
188,88,88,88,88,80,80,80,50,88,98,0,0,3,3,0,0,2
189,88,88,88,88,80,80,80,50,88,98,0,0,3,3,0,0,2
190,88,88,88,88,80,80,80,50,88,98,0,0,3,3,0,0,2
191,88,88,88,88,80,80,80,50,88,98,0,0,3,3,0,0,2
192,88,88,88,88,80,80,80,50,88,98,0,0,3,3,0,0,2
193,88,88,88,88,80,80,80,50,88,98,0,0,3,3,0,0,2
194,88,88,88,88,80,80,80,50,88,98,0,0,3,3,0,0,2
195,88,88,88,88,80,80,80,50,88,98,0,0,3,3,0,0,2
196,88,88,88,88,80,80,80,50,88,98,0,0,3,3,0,0,2
197,88,88,88,88,80,80,80,50,88,98,0,0,3,3,0,0,2
198,88,88,88,88,80,80,80,50,88,98,0,0,3,3,0,0,2
199,88,88,88,88,80,80,80,50,88,98,0,0,3,3,0,0,2
200,88,88,88,88,80,80,80,50,88,98,0,0,3,3,0,0,2
201,88,88,88,88,80,80,80,50,88,98,0,0,3,3,0,0,2
202,88,88,88,88,80,80,80,50,88,98,0,0,3,3,0,0,2
203,88,88,88,88,80,80,80,50,88,98,0,0,3,3,0,0,2
204,88,88,88,88,80,80,80,50,88,98,0,0,3,3,0,0,2
205,88,88,88,88,80,80,80,50,88,98,0,0,3,3,0,0,2
206,88,88,88,88,80,80,80,50,88,98,0,0,3,3,0,0,2
207,88,88,88,88,80,80,80,50,88,98,0,0,3,3,0,0,2
208,88,88,88,88,80,80,80,50,88,98,0,0,3,3,0,0,2
209,88,88,88,88,80,80,80,50,88,98,0,0,3,3,0,0,2
210,88,88,88,88,80,80,80,50,88,98,0,0,3,3,0,0,2
211,88,88,88,88,80,80,80,50,88,98,0,0,3,3,0,0,2
212,88,88,88,88,80,80,80,50,88,98,0,0,3,3,0,0,2
213,88,88,88,88,80,80,80,50,88,98,0,0,3,3,0,0,2
214,88,88,88,88,80,80,80,50,88,98,0,0,3,3,0,0,2
215,88,88,88,88,80,80,80,50,88,98,0,0,3,3,0,0,2
216,88,88,88,88,80,80,80,50,88,98,0,0,3,3,0,0,2
217,88,88,88,88,80,80,80,50,88,98,0,0,3,3,0,0,2
218,88,88,88,88,80,80,80,50,88,98,0,0,3,3,0,0,2
219,88,88,88,88,80,80,80,50,88,98,0,0,3,3,0,0,2
220,88,88,88,88,80,80,80,50,88,98,0,0,3,3,0,0,2
221,88,88,88,88,80,80,80,50,88,98,0,0,3,3,0,0,2
222,88,88,88,88,80,80,80,50,88,98,0,0,3,3,0,0,2
223,88,88,88,88,80,80,80,50,88,98,0,0,3,3,0,0,2
224,88,88,88,88,80,80,80,50,88,98,0,0,3,3,0,0,2
225,88,88,88,88,80,80,80,50,88,98,0,0,3,3,0,0,2
226,88,88,88,88,80,80,80,50,88,98,0,0,3,3,0,0,2
227,88,88,88,88,80,80,80,50,88,98,0,0,3,3,0,0,2
228,88,88,88,88,80,80,80,50,88,98,0,0,3,3,0,0,2
229,88,88,88,88,80,80,80,50,88,98,0,0,3,3,0,0,2
230,88,88,88,88,80,80,80,50,88,98,0,0,3,3,0,0,2
231,88,88,88,88,80,80,80,50,88,98,0,0,3,3,0,0,2
232,88,88,88,88,80,80,80,50,88,98,0,0,3,3,0,0,2
233,88,88,88,88,80,80,80,50,88,98,0,0,3,3,0,0,2
234,88,88,88,88,80,80,80,50,88,98,0,0,3,3,0,0,2
235,88,88,88,88,80,80,80,50,88,98,0,0,3,3,0,0,2
236,88,88,88,88,80,80,80,50,88,98,0,0,3,3,0,0,2
237,88,88,88,88,80,80,80,50,88,98,0,0,3,3,0,0,2
238,88,88,88,88,80,80,80,50,88,98,0,0,3,3,0,0,2
239,88,88,88,88,80,80,80,50,88,98,0,0,3,3,0,0,2
240,88,88,88,88,80,80,80,50,88,98,0,0,3,3,0,0,2
241,88,88,88,88,80,80,80,50,88,98,0,0,3,3,0,0,2
242,88,88,88,88,80,80,80,50,88,98,0,0,3,3,0,0,2
243,88,88,88,88,80,80,80,50,88,98,0,0,3,3,0,0,2
244,88,88,88,88,80,80,80,50,88,98,0,0,3,3,0,0,2
245,88,88,88,88,80,80,80,50,88,98,0,0,3,3,0,0,2
246,88,88,88,88,80,80,80,50,88,98,0,0,3,3,0,0,2
247,88,88,88,88,80,80,80,50,88,98,0,0,3,3,0,0,2
248,88,88,88,88,80,80,80,50,88,98,0,0,3,3,0,0,2
249,88,88,88,88,80,80,80,50,88,98,0,0,3,3,0,0,2
250,88,88,88,88,80,80,80,50,88,98,0,0,3,3,0,0,2
251,88,88,88,88,80,80,80,50,88,98,0,0,3,3,0,0,2
252,88,88,88,88,80,80,80,50,88,98,0,0,3,3,0,0,2
253,88,88,88,88,80,80,80,50,88,98,0,0,3,3,0,0,2
254,88,88,88,88,80,80,80,50,88,98,0,0,3,3,0,0,2
255,88,88,88,88,80,80,80,50,88,98,0,0,3,3,0,0,2
256,88,88,88,88,80,80,80,50,88,98,0,0,3,3,0,0,2
257,88,88,88,88,80,80,80,50,88,98,0,0,3,3,0,0,2
258,88,88,88,88,80,80,80,50,88,98,0,0,3,3,0,0,2
259,88,88,88,88,80,80,80,50,88,98,0,0,3,3,0,0,2
260,88,88,88,88,80,80,80,50,88,98,0,0,3,3,0,0,2
261,88,88,88,88,80,80,80,50,88,98,0,0,3,3,0,0,2
262,88,88,88,88,80,80,80,50,88,98,0,0,3,3,0,0,2
263,88,88,88,88,80,80,80,50,88,98,0,0,3,3,0,0,2
264,88,88,88,88,80,80,80,50,86,98,0,0,3,3,0,0,2
265,89,90,89,86,80,80,80,50,86,98,0,0,3,3,0,0,2
266,89,90,89,86,80,80,80,50,85,98,0,0,3,3,0,0,2
267,91,91,91,85,80,80,80,50,85,98,0,0,3,3,0,0,2
268,91,91,91,85,80,80,80,50,83,98,0,0,3,3,1,10,2
269,92,93,92,84,80,80,80,50,83,98,0,0,3,3,1,10,2
270,92,93,92,84,80,80,80,50,82,98,0,0,3,3,1,10,2
271,94,94,93,83,80,79,80,50,82,98,0,0,3,3,1,10,2
272,94,94,93,83,80,79,80,50,81,98,0,0,3,3,1,10,2
273,94,94,94,81,79,77,80,50,81,98,0,0,3,3,1,10,2
274,94,94,94,81,79,77,80,50,80,98,0,0,3,3,1,10,2
275,94,94,94,80,77,76,78,50,80,98,0,0,3,3,1,10,2
276,94,94,94,80,77,76,78,50,79,98,0,0,3,3,1,10,2
277,94,94,94,78,76,74,77,50,79,98,0,0,3,3,1,10,2
278,94,94,94,78,76,74,77,50,78,98,0,0,3,3,1,10,2
279,94,94,94,78,76,74,77,50,78,98,0,0,3,3,1,10,2
280,94,94,94,78,76,74,77,50,76,98,0,0,3,3,1,10,2
281,94,94,94,76,75,72,76,50,76,98,0,0,3,3,1,10,2
282,94,94,94,76,75,72,76,50,75,98,0,0,3,3,2,20,2
283,94,94,94,75,73,71,74,50,75,98,0,0,3,3,2,20,2
284,94,94,94,75,73,71,74,50,74,98,0,0,3,3,2,20,2
285,94,94,94,74,72,69,73,50,74,98,0,0,3,3,2,20,2
286,94,94,94,74,72,69,73,50,73,98,0,0,3,3,2,20,2
287,94,94,94,73,70,67,72,50,73,98,0,0,3,3,2,20,2
288,94,94,94,73,70,67,72,50,72,98,0,0,3,3,2,20,2
289,94,93,94,71,69,66,71,50,72,98,0,0,3,3,2,20,2
290,94,93,94,71,69,66,71,50,71,98,0,0,3,3,2,20,2
291,94,92,94,70,67,66,69,50,71,98,0,0,3,3,2,20,2
292,94,92,94,70,67,66,69,50,69,98,0,0,3,3,2,20,2
293,94,90,94,68,66,66,68,50,69,98,0,0,3,3,2,20,2
294,94,90,94,68,66,66,68,50,68,98,0,0,3,3,2,20,2
295,92,89,94,67,66,66,67,50,68,98,0,0,3,3,2,20,2
296,92,89,94,67,66,66,67,50,66,98,0,0,3,3,3,30,2
297,91,87,94,65,66,66,66,50,66,98,0,0,3,3,3,30,2
298,91,87,94,65,66,66,66,50,65,98,0,0,3,3,3,30,2
299,89,86,92,64,66,66,66,50,65,98,0,0,3,3,3,30,2
300,89,86,92,64,66,66,66,50,64,98,0,0,3,3,3,30,2
301,88,85,91,63,66,66,66,50,64,98,0,0,3,3,3,30,2
302,88,85,91,63,66,66,66,50,63,98,0,0,3,3,3,30,2
303,88,83,90,62,64,66,66,50,63,98,0,0,3,3,3,30,2
304,88,83,90,62,64,66,66,50,62,98,0,0,3,3,3,30,2
305,88,82,89,60,63,66,66,50,62,98,0,0,3,3,3,30,2
306,88,82,89,60,63,66,66,50,61,98,0,0,3,3,3,30,2
307,88,82,87,59,61,67,66,50,61,98,0,0,3,3,3,30,2
308,88,82,87,59,61,67,66,50,59,98,0,0,3,3,4,40,2
309,88,82,85,57,60,68,66,50,59,98,0,0,3,3,4,40,2
310,88,82,85,57,60,68,66,50,58,98,0,0,3,3,4,40,2
311,88,82,85,57,60,68,66,50,58,98,0,0,3,3,4,40,2
312,88,82,85,57,60,68,66,50,57,98,0,0,3,3,4,40,2
313,88,82,83,55,59,69,66,50,57,98,0,0,3,3,4,40,2
314,88,82,83,55,59,69,66,50,56,98,0,0,3,3,4,40,2
315,88,82,82,54,57,70,67,50,56,98,0,0,3,3,4,40,2
316,88,82,82,54,57,70,67,50,55,98,0,0,3,3,4,40,2
317,88,82,82,53,56,71,69,50,55,98,0,0,3,3,4,40,2
318,88,82,82,53,56,71,69,50,54,98,0,0,3,3,4,40,2
319,88,82,82,52,54,73,70,50,54,98,0,0,3,3,4,40,2
320,88,82,82,52,54,73,70,50,52,98,0,0,3,3,4,40,2
321,88,82,82,50,53,74,72,50,52,98,0,0,3,3,4,40,2
322,88,82,82,50,53,74,72,50,51,98,0,0,3,3,5,50,2
323,88,82,82,49,51,75,74,50,51,98,0,0,3,3,5,50,2
324,88,82,82,49,51,75,74,50,50,98,0,0,3,3,5,50,2
325,88,82,82,47,50,76,76,50,50,98,0,0,3,3,5,50,2
326,88,82,82,47,50,76,76,50,49,98,0,0,3,3,5,50,2
327,89,82,82,46,50,77,77,50,49,98,0,0,3,3,5,50,2
328,89,82,82,46,50,77,77,50,48,98,0,0,3,3,5,50,2
329,90,82,82,44,50,78,79,50,48,98,0,0,3,3,5,50,2
330,90,82,82,44,50,78,79,50,47,98,0,0,3,3,5,50,2
331,91,82,83,43,50,79,80,50,47,98,0,0,3,3,5,50,2
332,91,82,83,43,50,79,80,50,45,98,0,0,3,3,5,50,2
333,92,82,85,42,50,80,80,50,45,98,0,0,3,3,5,50,2
334,92,82,85,42,50,80,80,50,44,98,0,0,3,3,5,50,2
335,93,84,86,42,50,80,80,48,44,98,0,0,3,3,5,50,2
336,93,84,86,42,50,80,80,48,42,98,0,0,3,3,6,60,2
337,94,85,88,42,50,80,80,46,42,98,0,0,3,3,6,60,2
338,94,85,88,42,50,80,80,46,42,98,0,0,3,3,6,60,2
339,95,86,90,42,50,80,80,44,42,98,0,0,3,3,6,60,2
340,95,86,90,42,50,80,80,44,42,98,0,0,3,3,6,60,2
341,96,87,92,42,50,80,80,42,42,98,0,0,3,3,6,60,2
342,96,87,92,42,50,80,80,42,42,98,0,0,3,3,6,60,2
343,96,87,92,42,50,80,80,42,42,98,0,0,3,3,6,60,2
344,96,87,92,42,50,80,80,42,42,98,0,0,3,3,6,60,2
345,97,88,94,42,50,80,80,40,42,98,0,0,3,3,6,60,2
346,97,88,94,42,50,80,80,40,42,98,0,0,3,3,6,60,2
347,98,89,94,42,50,80,78,38,42,98,0,0,3,3,6,60,2
348,98,89,94,42,50,80,78,38,42,98,0,0,3,3,6,60,2
349,99,90,94,42,50,80,76,37,42,98,0,0,3,3,6,60,2
350,99,90,94,42,50,80,76,37,42,100,0,0,3,2,6,60,2
351,100,92,94,42,50,80,75,35,42,100,0,0,3,2,6,60,2
352,100,92,94,42,50,80,75,35,42,102,0,0,3,2,6,60,2
353,101,93,94,42,50,80,73,33,42,102,0,0,3,2,6,60,2
354,101,93,94,42,50,80,73,33,42,104,0,0,3,2,6,60,2
355,102,94,94,42,50,80,71,31,42,104,0,0,3,2,6,60,2
356,102,94,94,42,50,80,71,31,42,106,0,0,3,2,7,70,2
357,103,94,94,42,50,79,69,29,42,106,0,0,3,2,7,70,2
358,103,94,94,42,50,79,69,29,42,108,0,0,3,2,7,70,2
359,104,94,94,42,50,78,68,27,42,108,0,0,3,2,7,70,2
360,104,94,94,42,50,78,68,27,42,109,0,0,3,2,7,70,2
361,105,94,94,41,50,77,66,26,42,109,0,0,3,2,7,70,2
362,105,94,94,41,50,77,66,26,42,111,0,0,3,2,7,70,2
363,106,94,92,40,50,76,66,26,42,111,0,0,3,2,7,70,2
364,106,94,92,40,50,76,66,26,42,112,0,0,3,2,7,70,2
365,107,94,90,39,50,75,66,26,42,112,0,0,3,2,7,70,2
366,107,94,90,39,50,75,66,26,42,114,0,0,3,2,7,70,2
367,108,94,89,38,50,73,66,26,42,114,0,0,3,2,7,70,2
368,108,94,89,38,50,73,66,26,42,116,0,0,3,2,7,70,2
369,109,94,87,36,50,72,66,26,42,116,0,0,3,2,7,70,2
370,109,94,87,36,50,72,66,26,42,118,0,0,3,2,8,80,2
371,110,94,85,35,50,71,66,26,42,118,0,0,3,2,8,80,2
372,110,94,85,35,50,71,66,26,42,119,0,0,3,2,8,80,2
373,110,94,84,33,50,70,66,26,42,119,0,0,3,2,8,80,2
374,110,94,84,33,50,70,66,26,42,121,0,0,3,2,8,80,2
375,110,94,84,33,50,70,66,26,42,121,0,0,3,2,8,80,2
376,110,94,84,33,50,70,66,26,42,122,0,0,3,2,8,80,2
377,110,94,83,31,51,69,66,26,42,122,0,0,3,2,8,80,2
378,110,94,83,31,51,69,66,26,42,124,0,0,3,2,8,80,2
379,110,94,82,30,53,68,67,26,42,124,0,0,3,2,8,80,2
380,110,94,82,30,53,68,67,26,42,126,0,0,3,2,8,80,2
381,110,94,82,29,54,67,68,26,42,126,0,0,3,2,8,80,2
382,110,94,82,29,54,67,68,26,42,128,0,0,3,2,8,80,2
383,110,93,82,28,56,66,69,26,42,128,0,0,3,2,8,80,2
384,110,93,82,28,56,66,69,26,42,130,0,0,3,2,9,90,2
385,110,92,82,26,57,66,70,26,42,130,0,0,3,2,9,90,2
386,110,92,82,26,57,66,70,26,42,132,0,0,3,2,9,90,2
387,110,91,82,25,59,66,72,26,42,132,0,0,3,2,9,90,2
388,110,91,82,25,59,66,72,26,42,133,0,0,3,2,9,90,2
389,110,90,82,23,60,66,73,26,42,133,0,0,3,2,9,90,2
390,110,90,82,23,60,66,73,26,42,135,0,0,3,2,9,90,2
391,110,89,82,22,62,66,74,26,42,135,0,0,3,2,9,90,2
392,110,89,82,22,62,66,74,26,42,136,0,0,3,2,9,90,2
393,110,88,82,20,63,66,75,26,42,136,0,0,3,2,9,90,2
394,110,88,82,20,63,66,75,26,42,138,0,0,3,2,9,90,2
395,110,87,82,19,65,66,77,26,42,138,0,0,3,2,9,90,2
396,110,87,82,19,65,66,77,26,42,140,0,0,3,2,9,90,2
397,110,85,82,18,66,66,78,26,42,140,0,0,3,2,9,90,2
398,110,85,82,18,66,66,78,26,42,142,0,0,3,2,10,90,2
399,110,83,82,18,68,66,79,24,42,142,0,0,3,2,10,90,2
400,110,83,82,18,68,66,79,24,42,143,0,0,3,2,10,90,2
401,110,82,82,18,69,67,80,22,42,143,0,0,3,2,10,90,2
402,110,82,82,18,69,67,80,22,42,145,0,0,3,2,10,90,2
403,110,82,84,18,71,68,80,20,42,145,0,0,3,2,10,90,2
404,110,82,84,18,71,68,80,20,42,146,0,0,3,2,10,90,2
405,110,82,85,18,72,70,80,18,42,146,0,0,3,2,10,90,2
406,110,82,85,18,72,70,80,18,42,148,0,0,3,2,10,90,2
407,110,82,85,18,72,70,80,18,42,148,0,0,3,2,10,90,2
408,110,82,85,18,72,70,80,18,42,150,0,0,3,2,10,90,2
409,110,82,86,18,73,72,80,16,42,150,0,0,3,2,10,90,2
410,110,82,86,18,73,72,80,16,42,152,0,0,3,2,10,90,2
411,110,82,88,18,75,73,80,14,42,152,0,0,3,2,10,90,2
412,110,82,88,18,75,73,80,14,42,154,0,0,3,2,11,100,2
413,110,82,89,18,76,75,80,13,42,154,0,0,3,2,11,100,2
414,110,82,89,18,76,75,80,13,42,156,0,0,3,2,11,100,2
415,110,82,90,18,78,77,80,11,42,156,0,0,3,2,11,100,2
416,110,82,90,18,78,77,80,11,42,157,0,0,3,2,11,100,2
417,110,82,91,18,79,79,80,9,42,157,0,0,3,2,11,100,2
418,110,82,91,18,79,79,80,9,42,158,0,0,3,2,11,100,2
419,110,82,93,18,81,80,80,7,42,158,0,0,3,2,11,100,2
420,110,82,93,18,81,80,80,7,42,158,0,0,3,2,11,100,2
421,110,84,94,18,82,80,80,5,42,158,0,0,3,2,11,100,2
422,110,84,94,18,82,80,80,5,42,158,0,0,3,2,11,100,2
423,110,85,94,18,84,80,79,3,42,158,0,0,3,2,11,100,2
424,110,85,94,18,84,80,79,3,42,158,0,0,3,2,11,100,2
425,110,87,94,19,85,80,78,2,42,158,0,0,3,2,11,100,2
426,110,87,94,19,85,80,78,2,42,158,0,0,3,2,11,100,2
427,110,88,94,20,87,80,76,2,42,158,0,0,3,2,11,100,2
428,110,88,94,20,87,80,76,2,42,158,0,0,3,2,11,100,2
429,110,90,94,21,88,80,75,2,42,158,0,0,3,2,11,100,2
430,110,90,94,21,88,80,75,2,42,158,0,0,3,2,11,100,2
431,110,92,94,22,90,80,74,2,42,158,0,0,3,2,11,100,2
432,110,92,94,22,90,80,74,2,42,158,0,0,3,2,11,100,2
433,110,94,94,24,91,80,73,2,42,158,0,0,3,2,11,100,2
434,110,94,94,24,91,80,73,2,42,158,0,0,3,2,11,100,2
435,110,94,94,25,93,79,71,2,42,158,0,0,3,2,11,100,2
436,110,94,94,25,93,79,71,2,42,158,0,0,3,2,11,100,2
437,110,94,94,27,94,77,70,2,42,158,0,0,3,2,11,100,2
438,110,94,94,27,94,77,70,2,42,158,0,0,3,2,11,100,2
439,110,94,94,27,94,77,70,2,42,158,0,0,3,2,11,100,2
440,110,94,94,27,94,77,70,2,42,158,0,0,3,2,11,100,2
441,110,94,94,29,95,75,69,2,42,158,0,0,3,2,11,100,2
442,110,94,94,29,95,75,69,2,42,158,0,0,3,2,11,100,2
443,110,94,94,30,97,74,67,2,42,158,0,0,3,2,11,100,2
444,110,94,94,30,97,74,67,2,42,158,0,0,3,2,11,100,2
445,110,94,94,31,98,72,66,2,42,158,0,0,3,2,11,100,2
446,110,94,94,31,98,72,66,2,42,158,0,0,3,2,11,100,2
447,111,94,93,32,98,70,66,2,42,158,0,0,3,2,11,100,2
448,111,94,93,32,98,70,66,2,42,158,0,0,3,2,11,100,2
449,112,94,92,34,98,68,66,2,42,158,0,0,3,2,11,100,2
450,112,94,92,34,98,68,66,2,42,158,0,0,3,2,11,100,2
451,113,94,90,35,98,67,66,2,42,158,0,0,3,2,11,100,2
452,113,94,90,35,98,67,66,2,42,158,0,0,3,2,11,100,2
453,114,93,89,37,98,66,66,2,42,158,0,0,3,2,11,100,2
454,114,93,89,37,98,66,66,2,42,158,0,0,3,2,11,100,2
455,115,92,88,38,98,66,66,2,42,158,0,0,3,2,11,100,2
456,115,92,88,38,98,66,66,2,42,158,0,0,3,2,11,100,2
457,116,90,86,40,98,66,66,2,42,158,0,0,3,2,11,100,2
458,116,90,86,40,98,66,66,2,42,158,0,0,3,2,11,100,2
459,117,89,84,41,98,66,66,2,42,158,0,0,3,2,11,100,2
460,117,89,84,41,98,66,66,2,42,158,0,0,3,2,11,100,2
461,118,88,82,42,98,65,66,2,42,158,0,0,3,2,11,100,2
462,118,88,82,42,98,65,66,2,42,158,0,0,3,2,11,100,2
463,118,88,82,42,98,63,67,4,42,158,0,0,3,2,11,100,2
464,118,88,82,42,98,63,67,4,42,158,0,0,3,2,11,100,2
465,119,88,82,42,98,61,69,6,42,158,0,0,3,2,11,100,2
466,119,88,82,42,98,61,69,6,42,158,0,0,3,2,11,100,2
467,120,88,82,42,98,60,71,8,42,158,0,0,3,2,11,100,2
468,120,88,82,42,98,60,71,8,42,158,0,0,3,2,11,100,2
469,121,88,82,42,98,58,73,10,42,158,0,0,3,2,11,100,2
470,121,88,82,42,98,58,73,10,42,158,0,0,3,2,11,100,2
471,121,88,82,42,98,58,73,10,42,158,0,0,3,2,11,100,2
472,121,88,82,42,98,58,73,10,42,158,0,0,3,2,11,100,2
473,122,88,82,42,98,56,75,12,42,158,0,0,3,2,11,100,2
474,122,88,82,42,98,56,75,12,42,158,0,0,3,2,11,100,2
475,123,88,82,42,98,55,77,14,42,158,0,0,3,2,11,100,2
476,123,88,82,42,98,55,77,14,42,158,0,0,3,2,11,100,2
477,124,88,82,42,98,53,79,15,42,158,0,0,3,2,11,100,2
478,124,88,82,42,98,53,79,15,42,158,0,0,3,2,11,100,2
479,125,88,82,42,98,51,80,17,42,158,0,0,3,2,11,100,2
480,125,88,82,42,98,51,80,17,42,158,0,0,3,2,11,100,2
481,126,87,84,42,98,50,80,19,42,158,0,0,3,2,11,100,2
482,126,87,84,42,98,50,80,19,43,158,0,0,3,1,11,100,2
483,127,86,86,42,98,50,80,21,43,158,0,0,3,1,11,100,2
484,127,86,86,42,98,50,80,21,45,158,0,0,3,1,11,100,2
485,128,85,88,42,98,50,80,23,45,158,0,0,3,1,11,100,2
486,128,85,88,42,98,50,80,23,46,158,0,0,3,1,11,100,2
487,129,84,89,42,98,50,80,25,46,158,0,0,3,1,11,100,2
488,129,84,89,42,98,50,80,25,48,158,0,0,3,1,12,110,2
489,130,83,91,43,98,50,80,26,48,158,0,0,3,1,12,110,2
490,130,83,91,43,98,50,80,26,49,158,0,0,3,1,12,110,2
491,131,82,93,44,98,50,80,26,49,158,0,0,3,1,12,110,2
492,131,82,93,44,98,50,80,26,50,158,0,0,3,1,12,110,2
493,132,81,94,45,98,50,79,26,50,158,0,0,3,1,12,110,2
494,132,81,94,45,98,50,79,26,51,158,0,0,3,1,12,110,2
495,133,79,94,46,98,50,78,26,51,158,0,0,3,1,12,110,2
496,133,79,94,46,98,50,78,26,52,158,0,0,3,1,12,110,2
497,134,78,94,48,98,50,76,26,52,158,0,0,3,1,12,110,2
498,134,78,94,48,98,50,76,26,53,158,0,0,3,1,12,110,2
499,134,77,94,49,100,50,74,26,53,158,0,0,3,1,12,110,2
500,134,77,94,49,100,50,74,26,55,158,0,0,3,1,12,110,2
501,134,76,94,51,101,50,72,26,55,158,0,0,3,1,12,110,2
502,134,76,94,51,101,50,72,26,56,158,0,0,3,1,13,120,2
503,134,76,94,51,101,50,72,26,56,158,0,0,3,1,13,120,2
504,134,76,94,51,101,50,72,26,57,158,0,0,3,1,13,120,2
505,134,75,94,53,102,50,70,26,57,158,0,0,3,1,13,120,2
506,134,75,94,53,102,50,70,26,58,158,0,0,3,1,13,120,2
507,134,74,94,54,104,50,68,26,58,158,0,0,3,1,13,120,2
508,134,74,94,54,104,50,68,26,59,158,0,0,3,1,13,120,2
509,134,73,94,55,105,50,66,26,59,158,0,0,3,1,13,120,2
510,134,73,94,55,105,50,66,26,60,158,0,0,3,1,13,120,2
511,134,71,93,56,107,50,66,26,60,158,0,0,3,1,13,120,2
512,134,71,93,56,107,50,66,26,62,158,0,0,3,1,13,120,2
513,134,70,91,58,108,50,66,26,62,158,0,0,3,1,13,120,2
514,134,70,91,58,108,50,66,26,63,158,0,0,3,1,13,120,2
515,134,69,89,59,110,50,66,26,63,158,0,0,3,1,13,120,2
516,134,69,89,59,110,50,66,26,65,158,0,0,3,1,14,130,2
517,134,68,88,61,111,50,65,26,65,158,0,0,3,1,14,130,2
518,134,68,88,61,111,50,65,26,66,158,0,0,3,1,14,130,2
519,134,67,88,62,113,50,64,26,66,158,0,0,3,1,14,130,2
520,134,67,88,62,113,50,64,26,67,158,0,0,3,1,14,130,2
521,134,66,88,64,114,50,62,26,67,158,0,0,3,1,14,130,2
522,134,66,88,64,114,50,62,26,68,158,0,0,3,1,14,130,2
523,134,66,88,65,116,51,60,26,68,158,0,0,3,1,14,130,2
524,134,66,88,65,116,51,60,26,69,158,0,0,3,1,14,130,2
525,134,66,88,66,117,53,58,26,69,158,0,0,3,1,14,130,2
526,134,66,88,66,117,53,58,26,70,158,0,0,3,1,14,130,2
527,134,66,88,66,119,55,57,28,70,158,0,0,3,1,14,130,2
528,134,66,88,66,119,55,57,28,72,158,0,0,3,1,15,140,2
529,134,66,88,66,120,57,55,30,72,158,0,0,3,1,15,140,2
530,134,66,88,66,120,57,55,30,73,158,0,0,3,1,15,140,2
531,134,66,88,66,122,58,53,32,73,158,0,0,3,1,15,140,2
532,134,66,88,66,122,58,53,32,74,158,0,0,3,1,15,140,2
533,135,66,88,66,122,60,51,34,74,158,0,0,3,1,15,140,2
534,135,66,88,66,122,60,51,34,75,158,0,0,3,1,15,140,2
535,135,66,88,66,122,60,51,34,75,158,0,0,3,1,15,140,2
536,135,66,88,66,122,60,51,34,76,158,0,0,3,1,15,140,2
537,136,66,89,66,122,62,50,36,76,158,0,0,3,1,15,140,2
538,136,66,89,66,122,62,50,36,77,158,0,0,3,1,15,140,2
539,137,66,91,66,122,63,50,38,77,158,0,0,3,1,15,140,2
540,137,66,91,66,122,63,50,38,79,158,0,0,3,1,15,140,2
541,138,66,92,66,122,65,50,39,79,158,0,0,3,1,15,140,2
542,138,66,92,66,122,65,50,39,80,158,0,0,3,1,16,150,2
543,139,66,93,66,122,67,50,41,80,158,0,0,3,1,16,150,2
544,139,66,93,66,122,67,50,41,81,158,0,0,3,1,16,150,2
545,140,66,94,66,122,69,50,43,81,158,0,0,3,1,16,150,2
546,140,66,94,66,122,69,50,43,80,158,0,0,3,3,16,150,2
547,141,66,96,66,122,70,50,45,80,158,0,0,3,3,16,150,2
548,141,66,96,66,122,70,50,45,79,158,0,0,3,3,16,150,2
549,142,66,97,66,122,72,50,47,79,158,0,0,3,3,16,150,2
550,142,66,97,66,122,72,50,47,78,158,0,0,3,3,16,150,2
551,143,66,98,66,122,73,50,49,78,158,0,0,3,3,16,150,2
552,143,66,98,66,122,73,50,49,76,158,0,0,3,3,16,150,2
553,144,66,99,66,122,74,50,51,76,158,0,0,3,3,16,150,2
554,144,66,99,66,122,74,50,51,75,158,0,0,3,3,16,150,2
555,145,66,101,66,122,75,50,53,75,158,0,0,3,3,16,150,2
556,145,66,101,66,122,75,50,53,73,158,0,0,3,3,16,150,2
557,146,66,102,66,122,77,50,54,73,158,0,0,3,3,16,150,2
558,146,66,102,66,122,77,50,54,72,158,0,0,3,3,16,150,2
559,147,66,103,66,122,79,50,56,72,158,0,0,3,3,16,150,2
560,147,66,103,66,122,79,50,56,70,158,0,0,3,3,16,150,2
561,148,66,104,66,122,81,50,58,70,158,0,0,3,3,16,150,2
562,148,66,104,66,122,81,50,58,69,158,0,0,3,3,16,150,2
563,149,66,106,66,122,82,50,60,69,158,0,0,3,3,16,150,2
564,149,66,106,66,122,82,50,60,67,158,0,0,3,3,16,150,2
565,150,66,107,66,122,84,50,62,67,158,0,0,3,3,16,150,2
566,150,66,107,66,122,84,50,62,66,158,0,0,3,3,16,150,2
567,150,66,107,66,122,84,50,62,66,158,0,0,3,3,16,150,2
568,150,66,107,66,122,84,50,62,64,158,0,0,3,3,16,150,2
569,150,66,108,66,122,86,50,64,64,158,0,0,3,3,16,150,2
570,150,66,108,66,122,86,50,64,63,158,0,0,3,3,16,150,2
571,150,66,110,66,122,87,50,66,63,158,0,0,3,3,16,150,2
572,150,66,110,66,122,87,50,66,61,158,0,0,3,3,16,150,2
573,150,66,111,66,122,89,50,67,61,158,0,0,3,3,16,150,2
574,150,66,111,66,122,89,50,67,60,158,0,0,3,3,16,150,2
575,151,66,112,66,122,91,50,69,60,158,0,0,3,3,16,150,2
576,151,66,112,66,122,91,50,69,58,158,0,0,3,3,16,150,2
577,152,66,113,66,122,93,50,71,58,158,0,0,3,3,16,150,2
578,152,66,113,66,122,93,50,71,57,158,0,0,3,3,16,150,2
579,153,66,115,66,122,94,50,73,57,158,0,0,3,3,16,150,2
580,153,66,115,66,122,94,50,73,55,158,0,0,3,3,16,150,2
581,154,66,116,66,122,96,50,75,55,158,0,0,3,3,16,150,2
582,154,66,116,66,122,96,50,75,54,158,0,0,3,3,16,150,2
583,155,66,117,66,122,97,50,77,54,158,0,0,3,3,16,150,2
584,155,66,117,66,122,97,50,77,52,158,0,0,3,3,16,150,2
585,156,65,118,66,122,98,50,79,52,158,0,0,3,3,16,150,2
586,156,65,118,66,122,98,50,79,51,158,0,0,3,3,16,150,2
587,157,64,120,66,122,98,50,81,51,158,0,0,3,3,16,150,2
588,157,64,120,66,122,98,50,81,49,158,0,0,3,3,16,150,2
589,158,63,121,66,122,98,50,82,49,158,0,0,3,3,16,150,2
590,158,63,121,66,122,98,50,82,48,158,0,0,3,3,16,150,2
591,158,61,122,66,124,98,50,84,48,158,0,0,3,3,16,150,2
592,158,61,122,66,124,98,50,84,46,158,0,0,3,3,16,150,2
593,158,60,123,66,125,98,50,86,46,158,0,0,3,3,16,150,2
594,158,60,123,66,125,98,50,86,45,158,0,0,3,3,16,150,2
595,158,59,125,66,127,98,50,88,45,158,0,0,3,3,16,150,2
596,158,59,125,66,127,98,50,88,43,158,0,0,3,3,16,150,2
597,158,58,126,66,128,98,50,90,43,158,0,0,3,3,16,150,2
598,158,58,126,66,128,98,50,90,42,158,0,0,3,3,16,150,2
599,158,58,126,66,128,98,50,90,42,158,0,0,3,3,16,150,2
600,158,58,126,66,128,98,50,90,40,158,0,0,3,3,16,150,2
601,158,58,127,66,129,98,50,92,40,158,0,0,3,3,16,150,2
602,158,58,127,66,129,98,50,92,39,158,0,0,3,3,16,150,2
603,158,57,129,66,131,98,50,94,39,158,0,0,3,3,16,150,2
604,158,57,129,66,131,98,50,94,37,158,0,0,3,3,16,150,2
605,158,56,130,66,132,98,50,95,37,158,0,0,3,3,16,150,2
606,158,56,130,66,132,98,50,95,36,158,0,0,3,3,16,150,2
607,158,54,131,66,134,98,50,97,36,158,0,0,3,3,16,150,2
608,158,54,131,66,134,98,50,97,34,158,0,0,3,3,17,160,2
609,158,53,132,65,134,98,50,98,34,158,0,0,3,3,17,160,2
610,158,53,132,65,134,98,50,98,35,158,0,0,3,1,17,160,2
611,158,52,134,64,136,98,50,98,35,158,0,0,3,1,17,160,2
612,158,52,134,64,136,98,50,98,36,158,0,0,3,1,17,160,2
613,158,51,134,62,137,98,48,98,36,158,0,0,3,1,17,160,2
614,158,51,134,62,137,98,48,98,37,158,0,0,3,1,17,160,2
615,158,50,134,61,139,98,47,98,37,158,0,0,3,1,17,160,2
616,158,50,134,61,139,98,47,98,38,158,0,0,3,1,17,160,2
617,158,49,134,59,140,98,45,98,38,158,0,0,3,1,17,160,2
618,158,49,134,59,140,98,45,98,39,158,0,0,3,1,17,160,2
619,158,48,134,58,142,98,43,98,39,158,0,0,3,1,17,160,2
620,158,48,134,58,142,98,43,98,41,158,0,0,3,1,17,160,2
621,158,47,134,58,143,98,41,99,41,158,0,0,3,1,17,160,2
622,158,47,134,58,143,98,41,99,42,158,0,0,3,1,17,160,2
623,158,45,134,58,145,98,40,101,42,158,0,0,3,1,17,160,2
624,158,45,134,58,145,98,40,101,42,156,0,0,3,0,17,160,2
625,158,44,134,58,146,98,38,103,42,156,0,0,3,0,17,160,2
626,158,44,134,58,146,98,38,103,42,154,0,0,3,0,17,160,2
627,158,43,134,58,146,98,36,105,42,154,0,0,3,0,17,160,2
628,158,43,134,58,146,98,36,105,42,152,0,0,3,0,17,160,2
629,158,42,134,58,147,98,34,107,42,152,0,0,3,0,17,160,2
630,158,42,134,58,147,98,34,107,42,150,0,0,3,0,17,160,2
631,158,42,134,58,147,98,34,107,42,150,0,0,3,0,17,160,2
632,158,42,134,58,147,98,34,107,42,148,0,0,3,0,17,160,2
633,158,42,134,58,148,100,32,109,42,148,0,0,3,0,17,160,2
634,158,42,134,58,148,100,32,109,42,146,0,0,3,0,17,160,2
635,158,42,134,58,150,101,30,111,42,146,0,0,3,0,17,160,2
636,158,42,134,58,150,101,30,111,42,144,0,0,3,0,17,160,2
637,158,42,134,58,151,103,28,112,42,144,0,0,3,0,17,160,2
638,158,42,134,58,151,103,28,112,42,142,0,0,3,0,17,160,2
639,158,42,134,58,153,105,27,114,42,142,0,0,3,0,17,160,2
640,158,42,134,58,153,105,27,114,42,140,0,0,3,0,17,160,2
641,158,42,135,58,154,107,26,116,42,140,0,0,3,0,17,160,2
642,158,42,135,58,154,107,26,116,42,138,0,0,3,0,17,160,2
643,158,42,137,58,156,108,26,118,42,138,0,0,3,0,17,160,2
644,158,42,137,58,156,108,26,118,42,136,0,0,3,0,17,160,2
645,158,42,138,58,157,110,26,120,42,136,0,0,3,0,17,160,2
646,158,42,138,58,157,110,26,120,42,134,0,0,3,0,17,160,2
647,158,42,139,58,158,111,26,122,42,134,0,0,3,0,17,160,2
648,158,42,139,58,158,111,26,122,42,132,0,0,3,0,17,160,2
649,158,42,140,58,158,113,26,124,42,132,0,0,3,0,17,160,2
650,158,42,140,58,158,113,26,124,42,130,0,0,3,0,17,160,2
651,157,42,142,58,158,114,26,126,42,130,0,0,3,0,17,160,2
652,157,42,142,58,158,114,26,126,42,128,0,0,3,0,17,160,2
653,156,42,143,58,158,116,26,127,42,128,0,0,3,0,17,160,2
654,156,42,143,58,158,116,26,127,42,126,0,0,3,0,17,160,2
655,155,42,144,58,158,118,26,129,42,126,0,0,3,0,17,160,2
656,155,42,144,58,158,118,26,129,42,124,0,0,3,0,17,160,2
657,154,42,145,58,158,120,26,131,42,124,0,0,3,0,17,160,2
658,154,42,145,58,158,120,26,131,42,122,0,0,3,0,17,160,2
659,154,42,145,58,158,120,26,131,42,122,0,0,3,0,17,160,2
660,154,42,145,58,158,120,26,131,42,122,0,0,3,0,17,160,2
661,154,42,145,58,158,120,26,131,42,122,0,0,3,0,17,160,2
662,154,42,145,58,158,120,26,131,42,122,0,0,3,0,17,160,2
663,154,42,145,58,158,120,26,131,42,122,0,0,3,0,17,160,2
664,154,42,145,58,158,120,26,131,42,122,0,0,3,0,17,160,2
665,154,42,145,58,158,120,26,131,42,122,0,0,3,0,17,160,2
666,154,42,145,58,158,120,26,131,42,122,0,0,3,0,17,160,2
667,154,42,145,58,158,120,26,131,42,122,0,0,3,0,17,160,2
668,154,42,145,58,158,120,26,131,42,122,0,0,3,0,17,160,2
669,154,42,145,58,158,120,26,131,42,122,0,0,3,0,17,160,2
670,154,42,145,58,158,120,26,131,42,122,0,0,3,0,17,160,2
671,154,42,145,58,158,120,26,131,42,122,0,0,3,0,17,160,2
672,154,42,145,58,158,120,26,131,42,122,0,0,3,0,17,160,2
673,154,42,145,58,158,120,26,131,42,122,0,0,3,0,17,160,2
674,154,42,145,58,158,120,26,131,42,122,0,0,3,0,17,160,2
675,154,42,145,58,158,120,26,131,42,122,0,0,3,0,17,160,2
676,154,42,145,58,158,120,26,131,42,122,0,0,3,0,17,160,2
677,154,42,145,58,158,120,26,131,42,122,0,0,3,0,17,160,2
678,154,42,145,58,158,120,26,131,42,122,0,0,3,0,17,160,2
679,154,42,145,58,158,120,26,131,42,122,0,0,3,0,17,160,2
680,154,42,145,58,158,120,26,131,42,122,0,0,3,0,17,160,2
681,154,42,145,58,158,120,26,131,42,122,0,0,3,0,17,160,2
682,154,42,145,58,158,120,26,131,42,122,0,0,3,0,17,160,2
683,154,42,145,58,158,120,26,131,42,122,0,0,3,0,17,160,2
684,154,42,145,58,158,120,26,131,42,122,0,0,3,0,17,160,2
685,154,42,145,58,158,120,26,131,42,122,0,0,3,0,17,160,2
686,154,42,145,58,158,120,26,131,42,122,0,0,3,0,17,160,2
687,154,42,145,58,158,120,26,131,42,122,0,0,3,0,17,160,2
688,154,42,145,58,158,120,26,131,42,122,0,0,3,0,17,160,2
689,154,42,145,58,158,120,26,131,42,122,0,0,3,0,17,160,2
690,154,42,145,58,158,120,26,131,42,122,0,0,3,0,17,160,2
691,154,42,145,58,158,120,26,131,42,122,0,0,3,0,17,160,2
692,154,42,145,58,158,120,26,131,42,122,0,0,3,0,17,160,2
693,154,42,145,58,158,120,26,131,42,122,0,0,3,0,17,160,2
694,154,42,145,58,158,120,26,131,42,122,0,0,3,0,17,160,2
695,154,42,145,58,158,120,26,131,42,122,0,0,3,0,17,160,2
696,154,42,145,58,158,120,26,131,42,122,0,0,3,0,17,160,2
697,154,42,145,58,158,120,26,131,42,122,0,0,3,0,17,160,2
698,154,42,145,58,158,120,26,131,42,122,0,0,3,0,17,160,2
699,154,42,145,58,158,120,26,131,42,122,0,0,3,0,17,160,2
700,154,42,145,58,158,120,26,131,42,122,0,0,3,0,17,160,2
701,154,42,145,58,158,120,26,131,42,122,0,0,3,0,17,160,2
702,154,42,145,58,158,120,26,131,42,122,0,0,3,0,17,160,2
703,154,42,145,58,158,120,26,131,42,122,0,0,3,0,17,160,2
704,154,42,145,58,158,120,26,131,42,122,0,0,3,1,17,160,2
705,154,42,145,58,158,120,26,131,42,122,0,0,3,1,17,160,2
706,154,42,145,58,158,120,26,131,42,122,0,0,3,1,17,160,2
707,154,42,145,58,158,120,26,131,42,122,0,0,3,1,17,160,2
708,154,42,145,58,158,120,26,131,42,122,0,0,3,1,17,160,2
709,154,42,145,58,158,120,26,131,42,122,0,0,3,1,17,160,2
710,154,42,145,58,158,120,26,131,42,122,0,0,3,1,17,160,2
711,154,42,145,58,158,120,26,131,42,122,0,0,3,1,17,160,2
712,154,42,145,58,158,120,26,131,42,122,0,0,3,2,17,160,2
713,154,42,145,58,158,120,26,131,42,122,0,0,3,2,17,160,2
714,154,42,145,58,158,120,26,131,42,122,0,0,3,2,17,160,2
715,154,42,145,58,158,120,26,131,42,122,0,0,3,2,17,160,2
716,154,42,145,58,158,120,26,131,42,122,0,0,3,2,17,160,2
717,154,42,145,58,158,120,26,131,42,122,0,0,3,2,17,160,2
718,154,42,145,58,158,120,26,131,42,122,0,0,3,2,17,160,2
719,154,42,145,58,158,120,26,131,42,122,0,0,3,2,17,160,2
720,154,42,145,58,158,120,26,131,42,122,0,0,3,3,17,160,2
721,154,42,145,58,158,120,26,131,42,122,0,0,3,3,17,160,2
722,154,42,145,58,158,120,26,131,42,122,0,0,3,3,17,160,2
723,154,42,145,58,158,120,26,131,42,122,0,0,3,3,17,160,2
724,154,42,145,58,158,120,26,131,42,122,0,0,3,3,17,160,2
725,154,42,145,58,158,120,26,131,42,122,0,0,3,3,17,160,2
726,154,42,145,58,158,120,26,131,42,122,0,0,3,3,17,160,2
727,154,42,145,58,158,120,26,131,42,122,0,0,3,3,17,160,2
728,154,42,145,58,158,120,26,131,42,122,0,0,3,0,17,160,2
729,154,42,145,58,158,120,26,131,42,122,0,0,3,0,17,160,2
730,154,42,145,58,158,120,26,131,42,122,0,0,3,0,17,160,2
731,154,42,145,58,158,120,26,131,42,122,0,0,3,0,17,160,2
732,154,42,145,58,158,120,26,131,42,122,0,0,3,0,17,160,2
733,154,42,145,58,158,120,26,131,42,122,0,0,3,0,17,160,2
734,154,42,145,58,158,120,26,131,42,122,0,0,3,0,17,160,2
735,154,42,145,58,158,120,26,131,42,122,0,0,3,0,17,160,2
736,154,42,145,58,158,120,26,131,42,122,0,0,3,1,17,160,2
737,88,88,88,88,80,80,80,50,88,98,0,0,3,3,17,160,1
738,88,88,88,88,80,80,80,50,88,98,0,0,3,3,17,160,1
739,88,88,88,88,80,80,80,50,88,98,0,0,3,3,17,160,1
740,88,88,88,88,80,80,80,50,88,98,0,0,3,3,17,160,1
741,88,88,88,88,80,80,80,50,88,98,0,0,3,3,17,160,1
742,88,88,88,88,80,80,80,50,88,98,0,0,3,3,17,160,1
743,88,88,88,88,80,80,80,50,88,98,0,0,3,3,17,160,1
744,88,88,88,88,80,80,80,50,88,98,0,0,3,3,17,160,1
745,88,88,88,88,80,80,80,50,88,98,0,0,3,3,17,160,1
746,88,88,88,88,80,80,80,50,88,98,0,0,3,3,17,160,1
747,88,88,88,88,80,80,80,50,88,98,0,0,3,3,17,160,1
748,88,88,88,88,80,80,80,50,88,98,0,0,3,3,17,160,1
749,88,88,88,88,80,80,80,50,88,98,0,0,3,3,17,160,1
750,88,88,88,88,80,80,80,50,88,98,0,0,3,3,17,160,1
751,88,88,88,88,80,80,80,50,88,98,0,0,3,3,17,160,1
752,88,88,88,88,80,80,80,50,88,98,0,0,3,3,17,160,1
753,88,88,88,88,80,80,80,50,88,98,0,0,3,3,17,160,1
754,88,88,88,88,80,80,80,50,88,98,0,0,3,3,17,160,1
755,88,88,88,88,80,80,80,50,88,98,0,0,3,3,17,160,1
756,88,88,88,88,80,80,80,50,88,98,0,0,3,3,17,160,1
757,88,88,88,88,80,80,80,50,88,98,0,0,3,3,17,160,1
758,88,88,88,88,80,80,80,50,88,98,0,0,3,3,17,160,1
759,88,88,88,88,80,80,80,50,88,98,0,0,3,3,17,160,1
760,88,88,88,88,80,80,80,50,88,98,0,0,3,3,17,160,1
761,88,88,88,88,80,80,80,50,88,98,0,0,3,3,17,160,1
762,88,88,88,88,80,80,80,50,88,98,0,0,3,3,17,160,1
763,88,88,88,88,80,80,80,50,88,98,0,0,3,3,17,160,1
764,88,88,88,88,80,80,80,50,88,98,0,0,3,3,17,160,1
765,88,88,88,88,80,80,80,50,88,98,0,0,3,3,17,160,1
766,88,88,88,88,80,80,80,50,88,98,0,0,3,3,17,160,1
767,88,88,88,88,80,80,80,50,88,98,0,0,3,3,17,160,1
768,88,88,88,88,80,80,80,50,88,98,0,0,3,3,17,160,1
769,88,88,88,88,80,80,80,50,88,98,0,0,3,3,17,160,1
770,88,88,88,88,80,80,80,50,88,98,0,0,3,3,17,160,1
771,88,88,88,88,80,80,80,50,88,98,0,0,3,3,17,160,1
772,88,88,88,88,80,80,80,50,88,98,0,0,3,3,17,160,1
773,88,88,88,88,80,80,80,50,88,98,0,0,3,3,17,160,1
774,88,88,88,88,80,80,80,50,88,98,0,0,3,3,17,160,1
775,88,88,88,88,80,80,80,50,88,98,0,0,3,3,17,160,1
776,88,88,88,88,80,80,80,50,88,98,0,0,3,3,17,160,1
777,88,88,88,88,80,80,80,50,88,98,0,0,3,3,17,160,1
778,88,88,88,88,80,80,80,50,88,98,0,0,3,3,17,160,1
779,88,88,88,88,80,80,80,50,88,98,0,0,3,3,17,160,1
780,88,88,88,88,80,80,80,50,88,98,0,0,3,3,17,160,1
781,88,88,88,88,80,80,80,50,88,98,0,0,3,3,17,160,1
782,88,88,88,88,80,80,80,50,88,98,0,0,3,3,17,160,1
783,88,88,88,88,80,80,80,50,88,98,0,0,3,3,17,160,1
784,88,88,88,88,80,80,80,50,88,98,0,0,3,3,17,160,1
785,88,88,88,88,80,80,80,50,88,98,0,0,3,3,17,160,1
786,88,88,88,88,80,80,80,50,88,98,0,0,3,3,17,160,1
787,88,88,88,88,80,80,80,50,88,98,0,0,3,3,17,160,1
788,88,88,88,88,80,80,80,50,88,98,0,0,3,3,17,160,1
789,88,88,88,88,80,80,80,50,88,98,0,0,3,3,17,160,1
790,88,88,88,88,80,80,80,50,88,98,0,0,3,3,17,160,1
791,88,88,88,88,80,80,80,50,88,98,0,0,3,3,17,160,1
792,88,88,88,88,80,80,80,50,88,98,0,0,3,3,17,160,1
793,88,88,88,88,80,80,80,50,88,98,0,0,3,3,17,160,1
794,88,88,88,88,80,80,80,50,88,98,0,0,3,3,17,160,1
795,88,88,88,88,80,80,80,50,88,98,0,0,3,3,17,160,1
796,88,88,88,88,80,80,80,50,88,98,0,0,3,3,17,160,1
797,88,88,88,88,80,80,80,50,88,98,0,0,3,3,17,160,1
798,88,88,88,88,80,80,80,50,88,98,0,0,3,3,17,160,1
799,88,88,88,88,80,80,80,50,88,98,0,0,3,3,17,160,1
800,88,88,88,88,80,80,80,50,88,98,0,0,3,3,17,160,1
801,88,88,88,88,80,80,80,50,88,98,0,0,3,3,17,160,1
802,88,88,88,88,80,80,80,50,88,98,0,0,3,3,17,160,1
803,88,88,88,88,80,80,80,50,88,98,0,0,3,3,17,160,1
804,88,88,88,88,80,80,80,50,88,98,0,0,3,3,17,160,1
805,88,88,88,88,80,80,80,50,88,98,0,0,3,3,17,160,1
806,88,88,88,88,80,80,80,50,88,98,0,0,3,3,17,160,1
807,88,88,88,88,80,80,80,50,88,98,0,0,3,3,17,160,1
808,88,88,88,88,80,80,80,50,88,98,0,0,3,3,17,160,1
809,88,88,88,88,80,80,80,50,88,98,0,0,3,3,17,160,1
810,88,88,88,88,80,80,80,50,88,98,0,0,3,3,17,160,1
811,88,88,88,88,80,80,80,50,88,98,0,0,3,3,17,160,1
812,88,88,88,88,80,80,80,50,88,98,0,0,3,3,17,160,1
813,88,88,88,88,80,80,80,50,88,98,0,0,3,3,17,160,1
814,88,88,88,88,80,80,80,50,88,98,0,0,3,3,17,160,1
815,88,88,88,88,80,80,80,50,88,98,0,0,3,3,17,160,1
816,88,88,88,88,80,80,80,50,88,98,0,0,3,3,17,160,1
817,88,88,88,88,80,80,80,50,88,98,0,0,3,3,17,160,1
818,88,88,88,88,80,80,80,50,88,98,0,0,3,3,17,160,1
819,88,88,88,88,80,80,80,50,88,98,0,0,3,3,17,160,1
820,88,88,88,88,80,80,80,50,88,98,0,0,3,3,17,160,1
821,88,88,88,88,80,80,80,50,88,98,0,0,3,3,17,160,1
822,88,88,88,88,80,80,80,50,88,98,0,0,3,3,17,160,1
823,88,88,88,88,80,80,80,50,88,98,0,0,3,3,17,160,1
824,88,88,88,88,80,80,80,50,88,98,0,0,3,3,17,160,1
825,88,88,88,88,80,80,80,50,88,98,0,0,3,3,17,160,1
826,88,88,88,88,80,80,80,50,88,98,0,0,3,3,17,160,1
827,88,88,88,88,80,80,80,50,88,98,0,0,3,3,17,160,1
828,88,88,88,88,80,80,80,50,88,98,0,0,3,3,17,160,1
829,88,88,88,88,80,80,80,50,88,98,0,0,3,3,17,160,1
830,88,88,88,88,80,80,80,50,88,98,0,0,3,3,17,160,1
831,88,88,88,88,80,80,80,50,88,98,0,0,3,3,17,160,1
832,88,88,88,88,80,80,80,50,88,98,0,0,3,3,17,160,1
833,88,88,88,88,80,80,80,50,88,98,0,0,3,3,17,160,1
834,88,88,88,88,80,80,80,50,88,98,0,0,3,3,17,160,1
835,88,88,88,88,80,80,80,50,88,98,0,0,3,3,17,160,1
836,88,88,88,88,80,80,80,50,88,98,0,0,3,3,17,160,1
837,88,88,88,88,80,80,80,50,88,98,0,0,3,3,17,160,1
838,88,88,88,88,80,80,80,50,88,98,0,0,3,3,17,160,1
839,88,88,88,88,80,80,80,50,88,98,0,0,3,3,17,160,1
840,88,88,88,88,80,80,80,50,88,98,0,0,3,3,17,160,1
841,88,88,88,88,80,80,80,50,88,98,0,0,3,3,17,160,1
842,88,88,88,88,80,80,80,50,88,98,0,0,3,3,17,160,1
843,88,88,88,88,80,80,80,50,88,98,0,0,3,3,17,160,1
844,88,88,88,88,80,80,80,50,88,98,0,0,3,3,17,160,1
845,88,88,88,88,80,80,80,50,88,98,0,0,3,3,17,160,1
846,88,88,88,88,80,80,80,50,88,98,0,0,3,3,17,160,1
847,88,88,88,88,80,80,80,50,88,98,0,0,3,3,17,160,1
848,88,88,88,88,80,80,80,50,88,98,0,0,3,3,17,160,1
849,88,88,88,88,80,80,80,50,88,98,0,0,3,3,17,160,1
850,88,88,88,88,80,80,80,50,88,98,0,0,3,3,17,160,1
851,88,88,88,88,80,80,80,50,88,98,0,0,3,3,17,160,1
852,88,88,88,88,80,80,80,50,88,98,0,0,3,3,17,160,1
853,88,88,88,88,80,80,80,50,88,98,0,0,3,3,17,160,1
854,88,88,88,88,80,80,80,50,88,98,0,0,3,3,17,160,1
855,88,88,88,88,80,80,80,50,88,98,0,0,3,3,17,160,1
856,88,88,88,88,80,80,80,50,86,98,0,0,3,3,17,160,1
857,89,90,89,90,80,80,80,50,86,98,0,0,3,3,17,160,1
858,89,90,89,90,80,80,80,50,85,98,0,0,3,3,17,160,1
859,91,91,91,91,80,80,80,50,85,98,0,0,3,3,17,160,1
860,91,91,91,91,80,80,80,50,83,98,0,0,3,3,17,160,1
861,92,93,92,92,80,80,80,50,83,98,0,0,3,3,17,160,1
862,92,93,92,92,80,80,80,50,82,98,0,0,3,3,17,160,1
863,94,94,93,93,80,79,80,50,82,98,0,0,3,3,17,160,1
864,94,94,93,93,80,79,80,50,80,98,0,0,3,3,17,160,1
865,94,94,94,95,79,77,80,50,80,98,0,0,3,3,17,160,1
866,94,94,94,95,79,77,80,50,79,98,0,0,3,3,17,160,1
867,94,94,94,96,77,76,78,50,79,98,0,0,3,3,17,160,1
868,94,94,94,96,77,76,78,50,77,98,0,0,3,3,17,160,1
869,94,94,94,98,76,74,77,50,77,98,0,0,3,3,17,160,1
870,94,94,94,98,76,74,77,50,76,98,0,0,3,3,17,160,1
871,94,94,94,99,74,73,76,50,76,98,0,0,3,3,17,160,1
872,94,94,94,99,74,73,76,50,74,98,0,0,3,3,17,160,1
873,94,94,94,101,73,71,75,50,74,98,0,0,3,3,17,160,1
874,94,94,94,101,73,71,75,50,73,98,0,0,3,3,17,160,1
875,94,94,94,102,71,70,73,50,73,98,0,0,3,3,17,160,1
876,94,94,94,102,71,70,73,50,71,98,0,0,3,3,17,160,1
877,94,94,94,103,70,68,72,50,71,98,0,0,3,3,17,160,1
878,94,94,94,103,70,68,72,50,70,98,0,0,3,3,17,160,1
879,94,94,94,104,68,66,71,50,70,98,0,0,3,3,17,160,1
880,94,94,94,104,68,66,71,50,68,98,0,0,3,3,17,160,1
881,94,92,94,106,67,66,70,50,68,98,0,0,3,3,17,160,1
882,94,92,94,106,67,66,70,50,67,98,0,0,3,3,17,160,1
883,93,91,94,107,66,66,68,50,67,98,0,0,3,3,17,160,1
884,93,91,94,107,66,66,68,50,65,98,0,0,3,3,17,160,1
885,92,89,94,109,66,66,67,50,65,98,0,0,3,3,17,160,1
886,92,89,94,109,66,66,67,50,64,98,0,0,3,3,17,160,1
887,92,89,94,109,66,66,67,50,64,98,0,0,3,3,17,160,1
888,92,89,94,109,66,66,67,50,62,98,0,0,3,3,17,160,1
889,91,87,94,110,66,66,66,51,62,98,0,0,3,3,17,160,1
890,91,87,94,110,66,66,66,51,61,98,0,0,3,3,17,160,1
891,89,86,92,110,66,66,66,53,61,98,0,0,3,3,17,160,1
892,89,86,92,110,66,66,66,53,59,98,0,0,3,3,17,160,1
893,88,85,91,110,66,66,66,54,59,98,0,0,3,3,17,160,1
894,88,85,91,110,66,66,66,54,58,98,0,0,3,3,17,160,1
895,88,83,90,110,64,66,66,56,58,98,0,0,3,3,17,160,1
896,88,83,90,110,64,66,66,56,56,98,0,0,3,3,17,160,1
897,88,82,89,110,63,66,66,58,56,98,0,0,3,3,17,160,1
898,88,82,89,110,63,66,66,58,55,98,0,0,3,3,17,160,1
899,88,82,87,110,61,67,66,60,55,98,0,0,3,3,17,160,1
900,88,82,87,110,61,67,66,60,53,98,0,0,3,3,17,160,1
901,88,82,85,110,60,68,66,62,53,98,0,0,3,3,17,160,1
902,88,82,85,110,60,68,66,62,52,98,0,0,3,3,17,160,1
903,88,82,84,110,58,69,66,64,52,98,0,0,3,3,17,160,1
904,88,82,84,110,58,69,66,64,50,98,0,0,3,3,17,160,1
905,88,82,82,110,57,70,66,66,50,98,0,0,3,3,17,160,1
906,88,82,82,110,57,70,66,66,49,98,0,0,3,3,17,160,1
907,88,82,82,110,55,71,68,68,49,98,0,0,3,3,17,160,1
908,88,82,82,110,55,71,68,68,47,98,0,0,3,3,17,160,1
909,88,82,82,110,54,72,70,69,47,98,0,0,3,3,17,160,1
910,88,82,82,110,54,72,70,69,46,98,0,0,3,3,17,160,1
911,88,82,82,110,52,74,71,71,46,98,0,0,3,3,17,160,1
912,88,82,82,110,52,74,71,71,44,98,0,0,3,3,17,160,1
913,88,82,82,110,51,75,73,73,44,98,0,0,3,3,17,160,1
914,88,82,82,110,51,75,73,73,43,98,0,0,3,3,17,160,1
915,87,82,82,110,50,76,75,75,43,98,0,0,3,3,17,160,1
916,87,82,82,110,50,76,75,75,42,98,0,0,3,3,17,160,1
917,86,82,82,110,50,77,77,77,42,98,0,0,3,3,17,160,1
918,86,82,82,110,50,77,77,77,42,98,0,0,3,3,17,160,1
919,86,82,82,110,50,77,77,77,42,98,0,0,3,3,17,160,1
920,86,82,82,110,50,77,77,77,42,98,0,0,3,3,17,160,1
921,85,82,82,110,50,78,79,79,42,98,0,0,3,3,17,160,1
922,85,82,82,110,50,78,79,79,42,98,0,0,3,3,17,160,1
923,84,82,83,110,50,79,80,81,42,98,0,0,3,3,17,160,1
924,84,82,83,110,50,79,80,81,42,98,0,0,3,3,17,160,1
925,83,82,85,110,50,80,80,82,42,98,0,0,3,3,17,160,1
926,83,82,85,110,50,80,80,82,42,98,0,0,3,3,17,160,1
927,82,84,86,110,50,80,80,84,42,98,0,0,3,3,17,160,1
928,82,84,86,110,50,80,80,84,42,98,0,0,3,3,17,160,1
929,81,85,88,110,50,80,80,86,42,98,0,0,3,3,17,160,1
930,81,85,88,110,50,80,80,86,42,98,0,0,3,3,17,160,1
931,80,86,90,110,50,80,80,88,42,98,0,0,3,3,17,160,1
932,80,86,90,110,50,80,80,88,42,98,0,0,3,3,17,160,1
933,79,87,92,110,50,80,80,90,42,98,0,0,3,3,17,160,1
934,79,87,92,110,50,80,80,90,42,98,0,0,3,3,17,160,1
935,78,88,93,110,50,80,80,92,42,98,0,0,3,3,17,160,1
936,78,88,93,110,50,80,80,92,42,98,0,0,3,3,17,160,1
937,77,89,94,110,50,80,79,94,42,98,0,0,3,3,17,160,1
938,77,89,94,110,50,80,79,94,42,98,0,0,3,3,17,160,1
939,76,90,94,110,50,80,77,96,42,98,0,0,3,3,17,160,1
940,76,90,94,110,50,80,77,96,42,98,0,0,3,3,17,160,1
941,75,91,94,110,50,80,75,97,42,98,0,0,3,3,17,160,1
942,75,91,94,110,50,80,75,97,42,98,0,0,3,3,17,160,1
943,74,93,94,111,50,80,74,98,42,98,0,0,3,3,17,160,1
944,74,93,94,111,50,80,74,98,42,98,0,0,3,3,17,160,1
945,73,94,94,113,50,80,72,98,42,98,0,0,3,3,17,160,1
946,73,94,94,113,50,80,72,98,42,98,0,0,3,3,17,160,1
947,72,94,94,114,50,79,70,98,42,98,0,0,3,3,17,160,1
948,72,94,94,114,50,79,70,98,42,98,0,0,3,3,17,160,1
949,71,94,94,116,50,78,68,98,42,98,0,0,3,3,17,160,1
950,71,94,94,116,50,78,68,98,42,98,0,0,3,3,17,160,1
951,71,94,94,116,50,78,68,98,42,98,0,0,3,3,17,160,1
952,71,94,94,116,50,78,68,98,42,98,0,0,3,3,17,160,1
953,70,94,94,118,50,77,66,98,42,98,0,0,3,3,17,160,1
954,70,94,94,118,50,77,66,98,42,98,0,0,3,3,17,160,1
955,69,94,92,119,50,76,66,98,42,98,0,0,3,3,17,160,1
956,69,94,92,119,50,76,66,98,42,98,0,0,3,3,17,160,1
957,68,94,90,120,50,75,66,98,42,98,0,0,3,3,17,160,1
958,68,94,90,120,50,75,66,98,42,98,0,0,3,3,17,160,1
959,67,94,89,121,50,73,66,98,42,98,0,0,3,3,17,160,1
960,67,94,89,121,50,73,66,98,42,98,0,0,3,3,17,160,1
961,66,94,87,123,50,72,66,98,42,98,0,0,3,3,17,160,1
962,66,94,87,123,50,72,66,98,42,98,0,0,3,3,17,160,1
963,65,94,85,124,50,71,66,98,42,98,0,0,3,3,17,160,1
964,65,94,85,124,50,71,66,98,42,98,0,0,3,3,17,160,1
965,64,94,84,126,50,70,66,98,42,98,0,0,3,3,17,160,1
966,64,94,84,126,50,70,66,98,42,98,0,0,3,3,17,160,1
967,63,94,83,127,50,69,66,98,42,98,0,0,3,3,17,160,1
968,63,94,83,127,50,69,66,98,42,100,0,0,3,2,17,160,1
969,62,94,82,129,50,68,66,98,42,100,0,0,3,2,17,160,1
970,62,94,82,129,50,68,66,98,42,102,0,0,3,2,17,160,1
971,61,94,82,130,50,67,68,98,42,102,0,0,3,2,17,160,1
972,61,94,82,130,50,67,68,98,42,104,0,0,3,2,17,160,1
973,60,94,82,131,50,66,69,98,42,104,0,0,3,2,17,160,1
974,60,94,82,131,50,66,69,98,42,106,0,0,3,2,17,160,1
975,59,92,82,132,50,66,70,98,42,106,0,0,3,2,17,160,1
976,59,92,82,132,50,66,70,98,42,108,0,0,3,2,17,160,1
977,58,91,82,134,50,66,71,98,42,108,0,0,3,2,17,160,1
978,58,91,82,134,50,66,71,98,42,110,0,0,3,2,17,160,1
979,58,90,82,134,50,66,73,100,42,110,0,0,3,2,17,160,1
980,58,90,82,134,50,66,73,100,42,112,0,0,3,2,17,160,1
981,57,89,82,134,50,66,74,102,42,112,0,0,3,2,17,160,1
982,57,89,82,134,50,66,74,102,42,114,0,0,3,2,17,160,1
983,57,89,82,134,50,66,74,102,42,114,0,0,3,2,17,160,1
984,57,89,82,134,50,66,74,102,42,116,0,0,3,2,17,160,1
985,56,88,82,134,50,66,75,104,42,116,0,0,3,2,17,160,1
986,56,88,82,134,50,66,75,104,42,118,0,0,3,2,17,160,1
987,55,87,82,134,50,66,77,106,42,118,0,0,3,2,17,160,1
988,55,87,82,134,50,66,77,106,42,120,0,0,3,2,17,160,1
989,54,85,82,134,50,66,78,107,42,120,0,0,3,2,17,160,1
990,54,85,82,134,50,66,78,107,42,122,0,0,3,2,17,160,1
991,53,83,82,134,50,66,79,109,42,122,0,0,3,2,17,160,1
992,53,83,82,134,50,66,79,109,42,124,0,0,3,2,17,160,1
993,52,82,82,134,50,67,80,111,42,124,0,0,3,2,17,160,1
994,52,82,82,134,50,67,80,111,42,126,0,0,3,2,17,160,1
995,51,82,84,134,50,68,80,113,42,126,0,0,3,2,17,160,1
996,51,82,84,134,50,68,80,113,42,128,0,0,3,2,17,160,1
997,50,82,85,134,50,70,80,115,42,128,0,0,3,2,17,160,1
998,50,82,85,134,50,70,80,115,42,130,0,0,3,2,17,160,1
999,49,82,86,134,50,71,80,117,42,130,0,0,3,2,17,160,1
1000,49,82,86,134,50,71,80,117,42,132,0,0,3,2,17,160,1
1001,48,82,87,134,50,73,80,119,42,132,0,0,3,2,17,160,1
1002,48,82,87,134,50,73,80,119,42,134,0,0,3,2,17,160,1
1003,47,82,89,134,50,74,80,121,42,134,0,0,3,2,17,160,1
1004,47,82,89,134,50,74,80,121,42,136,0,0,3,2,17,160,1
1005,46,82,90,134,50,76,80,122,42,136,0,0,3,2,17,160,1
1006,46,82,90,134,50,76,80,122,42,138,0,0,3,2,17,160,1
1007,45,82,91,135,50,78,80,122,42,138,0,0,3,2,17,160,1
1008,45,82,91,135,50,78,80,122,42,140,0,0,3,2,17,160,1
1009,44,82,92,137,50,80,80,122,42,140,0,0,3,2,17,160,1
1010,44,82,92,137,50,80,80,122,42,142,0,0,3,2,17,160,1
1011,43,83,94,138,50,80,80,122,42,142,0,0,3,2,17,160,1
1012,43,83,94,138,50,80,80,122,42,144,0,0,3,2,17,160,1
1013,42,85,94,140,50,80,79,122,42,144,0,0,3,2,17,160,1
1014,42,85,94,140,50,80,79,122,42,146,0,0,3,2,17,160,1
1015,42,85,94,140,50,80,79,122,42,146,0,0,3,2,17,160,1
1016,42,85,94,140,50,80,79,122,42,148,0,0,3,2,17,160,1
1017,42,87,94,142,49,80,78,122,42,148,0,0,3,2,17,160,1
1018,42,87,94,142,49,80,78,122,42,150,0,0,3,2,17,160,1
1019,42,88,94,143,47,80,76,122,42,150,0,0,3,2,17,160,1
1020,42,88,94,143,47,80,76,122,42,152,0,0,3,2,17,160,1
1021,42,90,94,144,46,80,75,122,42,152,0,0,3,2,17,160,1
1022,42,90,94,144,46,80,75,122,42,154,0,0,3,2,17,160,1
1023,42,92,94,145,44,80,74,122,42,154,0,0,3,2,17,160,1
1024,42,92,94,145,44,80,74,122,42,156,0,0,3,2,17,160,1
1025,42,94,94,147,43,80,73,122,42,156,0,0,3,2,17,160,1
1026,42,94,94,147,43,80,73,122,42,158,0,0,3,2,17,160,1
1027,42,94,94,148,41,79,71,122,42,158,0,0,3,2,17,160,1
1028,42,94,94,148,41,79,71,122,42,158,0,0,3,2,17,160,1
1029,42,94,94,150,40,77,70,122,42,158,0,0,3,2,17,160,1
1030,42,94,94,150,40,77,70,122,42,158,0,0,3,2,17,160,1
1031,42,94,94,151,38,76,69,122,42,158,0,0,3,2,17,160,1
1032,42,94,94,151,38,76,69,122,42,158,0,0,3,2,17,160,1
1033,42,94,94,153,37,74,68,122,42,158,0,0,3,2,17,160,1
1034,42,94,94,153,37,74,68,122,42,158,0,0,3,2,17,160,1
1035,42,94,94,154,35,73,66,122,42,158,0,0,3,2,17,160,1
1036,42,94,94,154,35,73,66,122,42,158,0,0,3,2,17,160,1
1037,42,94,93,155,34,71,66,122,42,158,0,0,3,2,17,160,1
1038,42,94,93,155,34,71,66,122,42,158,0,0,3,2,17,160,1
1039,42,94,92,156,32,69,66,122,42,158,0,0,3,2,17,160,1
1040,42,94,92,156,32,69,66,122,42,158,0,0,3,2,17,160,1
1041,42,94,91,158,31,67,66,122,42,158,0,0,3,2,17,160,1
1042,42,94,91,158,31,67,66,122,42,158,0,0,3,2,17,160,1
1043,42,94,89,158,29,66,66,124,42,158,0,0,3,2,17,160,1
1044,42,94,89,158,29,66,66,124,42,158,0,0,3,2,17,160,1
1045,42,92,88,158,28,66,66,126,42,158,0,0,3,2,17,160,1
1046,42,92,88,158,28,66,66,126,42,158,0,0,3,2,17,160,1
1047,42,92,88,158,28,66,66,126,42,158,0,0,3,2,17,160,1
1048,42,92,88,158,28,66,66,126,42,158,0,0,3,2,17,160,1
1049,42,90,86,158,27,66,66,128,42,158,0,0,3,2,17,160,1
1050,42,90,86,158,27,66,66,128,42,158,0,0,3,2,17,160,1
1051,41,89,84,158,26,66,66,130,42,158,0,0,3,2,17,160,1
1052,41,89,84,158,26,66,66,130,42,158,0,0,3,2,17,160,1
1053,40,88,82,158,26,65,66,131,42,158,0,0,3,2,17,160,1
1054,40,88,82,158,26,65,66,131,41,158,0,0,3,3,17,160,1
1055,39,88,82,158,26,63,67,133,41,158,0,0,3,3,17,160,1
1056,39,88,82,158,26,63,67,133,39,158,0,0,3,3,17,160,1
1057,38,88,82,158,26,61,69,135,39,158,0,0,3,3,17,160,1
1058,38,88,82,158,26,61,69,135,38,158,0,0,3,3,17,160,1
1059,37,88,82,158,26,60,71,137,38,158,0,0,3,3,17,160,1
1060,37,88,82,158,26,60,71,137,36,158,0,0,3,3,17,160,1
1061,36,88,82,158,26,58,73,139,36,158,0,0,3,3,17,160,1
1062,36,88,82,158,26,58,73,139,35,158,0,0,3,3,17,160,1
1063,35,88,82,158,26,57,74,141,35,158,0,0,3,3,17,160,1
1064,35,88,82,158,26,57,74,141,33,158,0,0,3,3,17,160,1
1065,34,88,82,158,26,55,76,143,33,158,0,0,3,3,17,160,1
1066,34,88,82,158,26,55,76,143,32,158,0,0,3,3,17,160,1
1067,33,88,82,158,26,54,78,145,32,158,0,0,3,3,17,160,1
1068,33,88,82,158,26,54,78,145,30,158,0,0,3,3,17,160,1
1069,32,88,82,158,26,52,80,146,30,158,0,0,3,3,17,160,1
1070,32,88,82,158,26,52,80,146,29,158,0,0,3,3,17,160,1
1071,31,88,83,158,26,50,80,148,29,158,0,0,3,3,17,160,1
1072,31,88,83,158,26,50,80,148,27,158,0,0,3,3,18,170,1
1073,30,89,85,158,26,50,80,150,27,158,0,0,3,3,18,170,1
1074,30,89,85,158,26,50,80,150,26,158,0,0,3,3,18,170,1
1075,29,90,87,158,26,50,80,152,26,158,0,0,3,3,18,170,1
1076,29,90,87,158,26,50,80,152,25,158,0,0,3,3,18,170,1
1077,28,91,89,158,26,50,80,154,25,158,0,0,3,3,18,170,1
1078,28,91,89,158,26,50,80,154,24,158,0,0,3,3,18,170,1
1079,28,91,89,158,26,50,80,154,24,158,0,0,3,3,18,170,1
1080,28,91,89,158,26,50,80,154,23,158,0,0,3,3,18,170,1
1081,27,92,91,158,26,50,80,156,23,158,0,0,3,3,18,170,1
1082,27,92,91,158,26,50,80,156,22,158,0,0,3,3,18,170,1
1083,26,93,93,158,26,50,80,158,22,158,0,0,3,3,18,170,1
1084,26,93,93,158,26,50,80,158,20,158,0,0,3,3,18,170,1
1085,26,94,94,157,26,50,79,158,20,158,0,0,3,3,18,170,1
1086,26,94,94,157,26,50,79,158,19,158,0,0,3,3,19,180,1
1087,25,96,94,156,26,50,78,158,19,158,0,0,3,3,19,180,1
1088,25,96,94,156,26,50,78,158,18,158,0,0,3,3,19,180,1
1089,24,97,94,154,26,50,76,158,18,158,0,0,3,3,19,180,1
1090,24,97,94,154,26,50,76,158,18,158,0,0,3,3,19,180,1
1091,23,98,94,153,26,50,74,158,18,158,0,0,3,3,19,180,1
1092,23,98,94,153,26,50,74,158,18,158,0,0,3,3,19,180,1
1093,22,99,94,151,26,50,72,158,18,158,0,0,3,3,19,180,1
1094,22,99,94,151,26,50,72,158,18,158,0,0,3,3,19,180,1
1095,21,100,94,150,26,50,71,158,18,158,0,0,3,3,19,180,1
1096,21,100,94,150,26,50,71,158,18,158,0,0,3,3,19,180,1
1097,20,101,94,148,26,50,69,158,18,158,0,0,3,3,19,180,1
1098,20,101,94,148,26,50,69,158,18,158,0,0,3,3,19,180,1
1099,19,102,94,147,26,50,67,158,18,158,0,0,3,3,19,180,1
1100,19,102,94,147,26,50,67,158,18,158,0,0,3,3,19,180,1
1101,18,103,93,146,26,50,66,158,18,158,0,0,3,3,19,180,1
1102,18,103,93,146,26,50,66,158,18,158,0,0,3,3,19,180,1
1103,18,105,92,145,24,50,66,158,18,158,0,0,3,3,19,180,1
1104,18,105,92,145,24,50,66,158,18,158,0,0,3,3,19,180,1
1105,18,106,90,143,23,50,66,158,18,158,0,0,3,3,19,180,1
1106,18,106,90,143,23,50,66,158,18,158,0,0,3,3,19,180,1
1107,18,107,88,142,21,50,66,158,18,158,0,0,3,3,19,180,1
1108,18,107,88,142,21,50,66,158,18,158,0,0,3,3,19,180,1
1109,18,108,88,140,20,50,64,158,18,158,0,0,3,3,19,180,1
1110,18,108,88,140,20,50,64,158,18,158,0,0,3,3,19,180,1
1111,18,108,88,140,20,50,64,158,18,158,0,0,3,3,19,180,1
1112,18,108,88,140,20,50,64,158,18,158,0,0,3,3,19,180,1
1113,18,109,88,138,19,50,62,158,18,158,0,0,3,3,19,180,1
1114,18,109,88,138,19,50,62,158,18,158,0,0,3,3,19,180,1
1115,18,110,88,137,17,50,60,158,18,158,0,0,3,3,19,180,1
1116,18,110,88,137,17,50,60,158,20,158,0,0,3,1,19,180,1
1117,18,111,88,136,16,50,58,158,20,158,0,0,3,1,19,180,1
1118,18,111,88,136,16,50,58,158,21,158,0,0,3,1,19,180,1
1119,18,113,88,135,14,50,57,158,21,158,0,0,3,1,19,180,1
1120,18,113,88,135,14,50,57,158,23,158,0,0,3,1,19,180,1
1121,18,114,88,134,14,50,55,157,23,158,0,0,3,1,19,180,1
1122,18,114,88,134,14,50,55,157,24,158,0,0,3,1,19,180,1
1123,18,115,88,134,12,50,53,155,24,158,0,0,3,1,19,180,1
1124,18,115,88,134,12,50,53,155,26,158,0,0,3,1,19,180,1
1125,18,116,88,134,11,50,51,153,26,158,0,0,3,1,19,180,1
1126,18,116,88,134,11,50,51,153,27,158,0,0,3,1,19,180,1
1127,18,117,88,134,9,50,50,151,27,158,0,0,3,1,19,180,1
1128,18,117,88,134,9,50,50,151,29,158,0,0,3,1,19,180,1
1129,18,118,89,134,8,50,50,149,29,158,0,0,3,1,19,180,1
1130,18,118,89,134,8,50,50,149,30,158,0,0,3,1,19,180,1
1131,18,119,91,134,6,50,50,147,30,158,0,0,3,1,19,180,1
1132,18,119,91,134,6,50,50,147,32,158,0,0,3,1,19,180,1
1133,18,120,92,134,5,50,50,146,32,158,0,0,3,1,19,180,1
1134,18,120,92,134,5,50,50,146,33,158,0,0,3,1,19,180,1
1135,18,122,93,134,3,50,50,144,33,158,0,0,3,1,19,180,1
1136,18,122,93,134,3,50,50,144,35,158,0,0,3,1,19,180,1
1137,18,123,94,134,2,50,50,142,35,158,0,0,3,1,19,180,1
1138,18,123,94,134,2,50,50,142,36,158,0,0,3,1,19,180,1
1139,19,124,96,134,2,50,50,140,36,158,0,0,3,1,19,180,1
1140,19,124,96,134,2,50,50,140,38,158,0,0,3,1,19,180,1
1141,20,125,97,134,2,50,50,138,38,158,0,0,3,1,19,180,1
1142,20,125,97,134,2,50,50,138,39,158,0,0,3,1,19,180,1
1143,20,125,97,134,2,50,50,138,39,158,0,0,3,1,19,180,1
1144,20,125,97,134,2,50,50,138,41,158,0,0,3,1,19,180,1
1145,21,126,98,134,2,50,50,136,41,158,0,0,3,1,19,180,1
1146,21,126,98,134,2,50,50,136,42,158,0,0,3,1,19,180,1
1147,22,127,100,134,2,50,50,134,42,158,0,0,3,1,19,180,1
1148,22,127,100,134,2,50,50,134,44,158,0,0,3,1,19,180,1
1149,23,128,101,134,2,50,50,133,44,158,0,0,3,1,19,180,1
1150,23,128,101,134,2,50,50,133,45,158,0,0,3,1,19,180,1
1151,24,130,102,134,2,50,50,131,45,158,0,0,3,1,19,180,1
1152,24,130,102,134,2,50,50,131,47,158,0,0,3,1,19,180,1
1153,25,131,103,134,2,50,50,129,47,158,0,0,3,1,19,180,1
1154,25,131,103,134,2,50,50,129,48,158,0,0,3,1,19,180,1
1155,26,132,105,134,2,50,50,127,48,158,0,0,3,1,19,180,1
1156,26,132,105,134,2,50,50,127,50,158,0,0,3,1,19,180,1
1157,27,133,106,134,2,50,50,125,50,158,0,0,3,1,19,180,1
1158,27,133,106,134,2,50,50,125,51,158,0,0,3,1,19,180,1
1159,28,134,107,134,2,50,50,123,51,158,0,0,3,1,19,180,1
1160,28,134,107,134,2,50,50,123,53,158,0,0,3,1,19,180,1
1161,29,134,108,135,2,50,50,122,53,158,0,0,3,1,19,180,1
1162,29,134,108,135,2,50,50,122,54,158,0,0,3,1,19,180,1
1163,30,134,110,136,2,49,50,122,54,158,0,0,3,1,19,180,1
1164,30,134,110,136,2,49,50,122,56,158,0,0,3,1,19,180,1
1165,31,134,110,137,2,47,52,122,56,158,0,0,3,1,19,180,1
1166,31,134,110,137,2,47,52,122,57,158,0,0,3,1,19,180,1
1167,32,134,110,138,2,45,53,122,57,158,0,0,3,1,19,180,1
1168,32,134,110,138,2,45,53,122,59,158,0,0,3,1,19,180,1
1169,33,134,110,140,2,43,55,122,59,158,0,0,3,1,19,180,1
1170,33,134,110,140,2,43,55,122,60,158,0,0,3,1,19,180,1
1171,34,134,110,141,2,42,57,122,60,158,0,0,3,1,19,180,1
1172,34,134,110,141,2,42,57,122,62,158,0,0,3,1,19,180,1
1173,34,134,110,143,2,40,59,122,62,158,0,0,3,1,19,180,1
1174,34,134,110,143,2,40,59,122,63,158,0,0,3,1,19,180,1
1175,34,134,110,143,2,40,59,122,63,158,0,0,3,1,19,180,1
1176,34,134,110,143,2,40,59,122,65,158,0,0,3,1,19,180,1
1177,35,134,110,145,2,38,61,122,65,158,0,0,3,1,19,180,1
1178,35,134,110,145,2,38,61,122,66,158,0,0,3,1,19,180,1
1179,36,134,110,146,2,38,63,122,66,158,0,0,3,1,19,180,1
1180,36,134,110,146,2,38,63,122,68,158,0,0,3,1,19,180,1
1181,37,134,110,147,2,36,65,122,68,158,0,0,3,1,19,180,1
1182,37,134,110,147,2,36,65,122,69,158,0,0,3,1,19,180,1
1183,38,134,110,148,2,34,66,122,69,158,0,0,3,1,19,180,1
1184,38,134,110,148,2,34,66,122,71,158,0,0,3,1,19,180,1
1185,39,134,110,150,2,32,68,122,71,158,0,0,3,1,19,180,1
1186,39,134,110,150,2,32,68,122,72,158,0,0,3,1,19,180,1
1187,40,134,110,150,2,31,70,120,72,158,0,0,3,1,19,180,1
1188,40,134,110,150,2,31,70,120,74,158,0,0,3,1,19,180,1
1189,41,134,110,150,2,29,72,118,74,158,0,0,3,1,19,180,1
1190,41,134,110,150,2,29,72,118,75,158,0,0,3,1,19,180,1
1191,42,134,110,150,2,28,73,116,75,158,0,0,3,1,19,180,1
1192,42,134,110,150,2,28,73,116,77,158,0,0,3,1,19,180,1
1193,42,134,110,150,2,26,75,114,77,158,0,0,3,1,19,180,1
1194,42,134,110,150,2,26,75,114,78,158,0,0,3,1,19,180,1
1195,42,135,110,150,2,26,77,112,78,158,0,0,3,1,19,180,1
1196,42,135,110,150,2,26,77,112,80,158,0,0,3,1,19,180,1
1197,42,136,110,150,3,26,79,111,80,158,0,0,3,1,19,180,1
1198,42,136,110,150,3,26,79,111,81,158,0,0,3,1,19,180,1
1199,42,138,110,150,5,26,80,109,81,158,0,0,3,1,19,180,1
1200,42,138,110,150,5,26,80,109,83,158,0,0,3,1,19,180,1
1201,42,139,110,150,6,26,82,107,83,158,0,0,3,1,19,180,1
1202,42,139,110,150,6,26,82,107,84,158,0,0,3,1,19,180,1
1203,42,140,110,150,8,26,84,105,84,158,0,0,3,1,19,180,1
1204,42,140,110,150,8,26,84,105,86,158,0,0,3,1,19,180,1
1205,42,141,110,150,9,26,86,103,86,158,0,0,3,1,19,180,1
1206,42,141,110,150,9,26,86,103,87,158,0,0,3,1,19,180,1
1207,42,141,110,150,9,26,86,103,87,158,0,0,3,1,19,180,1
1208,42,141,110,150,9,26,86,103,89,158,0,0,3,1,19,180,1
1209,42,142,110,150,10,26,88,101,89,158,0,0,3,1,19,180,1
1210,42,142,110,150,10,26,88,101,90,158,0,0,3,1,19,180,1
1211,42,143,110,150,12,26,90,99,90,158,0,0,3,1,19,180,1
1212,42,143,110,150,12,26,90,99,92,158,0,0,3,1,20,180,1
1213,42,144,110,150,13,26,92,98,92,158,0,0,3,1,20,180,1
1214,42,144,110,150,13,26,92,98,93,158,0,0,3,1,20,180,1
1215,42,146,110,150,14,26,93,96,93,158,0,0,3,1,20,180,1
1216,42,146,110,150,14,26,93,96,94,158,0,0,3,1,20,180,1
1217,42,147,110,150,15,26,95,94,94,158,0,0,3,1,20,180,1
1218,42,147,110,150,15,26,95,94,95,158,0,0,3,1,20,180,1
1219,42,148,110,150,17,26,97,92,95,158,0,0,3,1,20,180,1
1220,42,148,110,150,17,26,97,92,96,158,0,0,3,1,20,180,1
1221,42,149,111,150,18,26,98,90,96,158,0,0,3,1,20,180,1
1222,42,149,111,150,18,26,98,90,97,158,0,0,3,1,20,180,1
1223,42,150,112,150,20,26,98,88,97,158,0,0,3,1,20,180,1
1224,42,150,112,150,20,26,98,88,99,158,0,0,3,1,20,180,1
1225,42,151,113,150,21,26,98,86,99,158,0,0,3,1,20,180,1
1226,42,151,113,150,21,26,98,86,100,158,0,0,3,1,21,190,1
1227,42,152,115,150,23,26,98,84,100,158,0,0,3,1,21,190,1
1228,42,152,115,150,23,26,98,84,101,158,0,0,3,1,21,190,1
1229,42,153,116,150,24,26,98,83,101,158,0,0,3,1,21,190,1
1230,42,153,116,150,24,26,98,83,102,158,0,0,3,1,21,190,1
1231,42,155,117,150,26,26,98,81,102,158,0,0,3,1,21,190,1
1232,42,155,117,150,26,26,98,81,103,158,0,0,3,1,21,190,1
1233,43,156,118,150,26,26,98,79,103,158,0,0,3,1,21,190,1
1234,43,156,118,150,26,26,98,79,104,158,0,0,3,1,21,190,1
1235,44,157,120,150,26,26,98,77,104,158,0,0,3,1,21,190,1
1236,44,157,120,150,26,26,98,77,106,158,0,0,3,1,21,190,1
1237,45,158,121,150,26,26,98,75,106,158,0,0,3,1,21,190,1
1238,45,158,121,150,26,26,98,75,107,158,0,0,3,1,21,190,1
1239,45,158,121,150,26,26,98,75,107,158,0,0,3,1,21,190,1
1240,45,158,121,150,26,26,98,75,109,158,0,0,3,1,22,200,1
1241,46,158,122,149,26,26,98,74,109,158,0,0,3,1,22,200,1
1242,46,158,122,149,26,26,98,74,110,158,0,0,3,1,22,200,1
1243,47,158,124,148,26,25,98,74,110,158,0,0,3,1,22,200,1
1244,47,158,124,148,26,25,98,74,111,158,0,0,3,1,22,200,1
1245,48,158,125,147,26,23,98,74,111,158,0,0,3,1,22,200,1
1246,48,158,125,147,26,23,98,74,112,158,0,0,3,1,22,200,1
1247,49,158,126,146,26,21,98,74,112,158,0,0,3,1,22,200,1
1248,49,158,126,146,26,21,98,74,113,158,0,0,3,1,22,200,1
1249,50,158,127,144,26,19,98,74,113,158,0,0,3,1,22,200,1
1250,50,158,127,144,26,19,98,74,114,158,0,0,3,1,22,200,1
1251,51,158,129,143,26,18,98,74,114,158,0,0,3,1,22,200,1
1252,51,158,129,143,26,18,98,74,116,158,0,0,3,1,23,210,1
1253,52,158,130,141,26,16,98,74,116,158,0,0,3,1,23,210,1
1254,52,158,130,141,26,16,98,74,117,158,0,0,3,1,23,210,1
1255,53,158,131,140,26,15,98,74,117,158,0,0,3,1,23,210,1
1256,53,158,131,140,26,15,98,74,118,158,0,0,3,1,23,210,1
1257,54,158,132,138,26,13,98,74,118,158,0,0,3,1,23,210,1
1258,54,158,132,138,26,13,98,74,119,158,0,0,3,1,23,210,1
1259,55,158,134,137,26,12,98,74,119,158,0,0,3,1,23,210,1
1260,55,158,134,137,26,12,98,74,120,158,0,0,3,1,23,210,1
1261,56,158,134,136,26,10,100,74,120,158,0,0,3,1,23,210,1
1262,56,158,134,136,26,10,100,74,121,158,0,0,3,1,23,210,1
1263,57,158,134,135,26,8,101,74,121,158,0,0,3,1,23,210,1
1264,57,158,134,135,26,8,101,74,123,158,0,0,3,1,23,210,1
1265,58,158,134,133,26,6,103,74,123,158,0,0,3,1,23,210,1
1266,58,158,134,133,26,6,103,74,124,158,0,0,3,1,24,220,1
1267,59,158,134,132,26,5,105,74,124,158,0,0,3,1,24,220,1
1268,59,158,134,132,26,5,105,74,125,158,0,0,3,1,24,220,1
1269,60,158,134,130,26,3,107,74,125,158,0,0,3,1,24,220,1
1270,60,158,134,130,26,3,107,74,126,158,0,0,3,1,24,220,1
1271,60,158,134,130,26,3,107,74,126,158,0,0,3,1,24,220,1
1272,60,158,134,130,26,3,107,74,127,158,0,0,3,1,24,220,1
1273,61,157,134,128,26,2,109,74,127,158,0,0,3,1,24,220,1
1274,61,157,134,128,26,2,109,74,128,158,0,0,3,1,24,220,1
1275,62,156,134,127,26,2,111,74,128,158,0,0,3,1,24,220,1
1276,62,156,134,127,26,2,111,74,130,158,0,0,3,1,24,220,1
1277,63,155,134,126,26,2,113,74,130,158,0,0,3,1,24,220,1
1278,63,155,134,126,26,2,113,74,131,158,0,0,3,1,24,220,1
1279,64,153,134,125,26,2,114,74,131,158,0,0,3,1,24,220,1
1280,64,153,134,125,26,2,114,74,133,158,0,0,3,1,25,230,1
1281,65,152,134,123,26,2,116,74,133,158,0,0,3,1,25,230,1
1282,65,152,134,123,26,2,116,74,134,158,0,0,3,1,25,230,1
1283,66,151,134,122,26,2,118,74,134,158,0,0,3,1,25,230,1
1284,66,151,134,122,26,2,118,74,135,158,0,0,3,1,25,230,1
1285,66,150,134,120,27,2,120,74,135,158,0,0,3,1,25,230,1
1286,66,150,134,120,27,2,120,74,136,158,0,0,3,1,25,230,1
1287,66,149,134,119,29,2,121,74,136,158,0,0,3,1,25,230,1
1288,66,149,134,119,29,2,121,74,137,158,0,0,3,1,25,230,1
1289,66,148,134,117,30,2,122,74,137,158,0,0,3,1,25,230,1
1290,66,148,134,117,30,2,122,74,138,158,0,0,3,1,25,230,1
1291,66,147,136,116,32,2,122,74,138,158,0,0,3,1,25,230,1
1292,66,147,136,116,32,2,122,74,140,158,0,0,3,1,26,240,1
1293,66,146,137,115,33,2,122,74,140,158,0,0,3,1,26,240,1
1294,66,146,137,115,33,2,122,74,141,158,0,0,3,1,26,240,1
1295,66,144,138,114,35,2,122,74,141,158,0,0,3,1,26,240,1
1296,66,144,138,114,35,2,122,74,142,158,0,0,3,1,26,240,1
1297,66,143,139,112,36,2,122,74,142,158,0,0,3,1,26,240,1
1298,66,143,139,112,36,2,122,74,143,158,0,0,3,1,26,240,1
1299,66,142,141,111,38,2,122,74,143,158,0,0,3,1,26,240,1
1300,66,142,141,111,38,2,122,74,144,158,0,0,3,1,26,240,1
1301,66,142,142,110,38,2,122,75,144,158,0,0,3,1,26,240,1
1302,66,142,142,110,38,2,122,75,145,158,0,0,3,1,26,240,1
1303,66,142,142,110,38,2,122,75,145,158,0,0,3,1,26,240,1
1304,66,142,142,110,38,2,122,75,147,158,0,0,3,1,26,240,1
1305,66,142,143,110,38,2,122,77,147,158,0,0,3,1,26,240,1
1306,66,142,143,110,38,2,122,77,148,158,0,0,3,1,27,250,1
1307,66,141,145,110,38,2,122,79,148,158,0,0,3,1,27,250,1
1308,66,141,145,110,38,2,122,79,149,158,0,0,3,1,27,250,1
1309,66,140,146,110,39,2,122,80,149,158,0,0,3,1,27,250,1
1310,66,140,146,110,39,2,122,80,150,158,0,0,3,1,27,250,1
1311,66,138,147,110,41,2,122,82,150,158,0,0,3,1,27,250,1
1312,66,138,147,110,41,2,122,82,151,158,0,0,3,1,27,250,1
1313,66,137,148,110,42,2,122,84,151,158,0,0,3,1,27,250,1
1314,66,137,148,110,42,2,122,84,152,158,0,0,3,1,27,250,1
1315,66,136,150,110,44,2,122,86,152,158,0,0,3,1,27,250,1
1316,66,136,150,110,44,2,122,86,154,158,0,0,3,1,27,250,1
1317,66,135,150,110,45,2,122,88,154,158,0,0,3,1,27,250,1
1318,66,135,150,110,45,2,122,88,155,158,0,0,3,1,27,250,1
1319,66,134,151,110,47,2,122,90,155,158,0,0,3,1,27,250,1
1320,66,134,151,110,47,2,122,90,157,158,0,0,3,1,28,260,1
1321,66,134,152,110,48,4,122,92,157,158,0,0,3,1,28,260,1
1322,66,134,152,110,48,4,122,92,158,158,0,0,3,1,28,260,1
1323,66,134,154,110,50,5,122,94,158,158,0,0,3,1,28,260,1
1324,66,134,154,110,50,5,122,94,158,158,0,0,3,1,28,260,1
1325,67,134,155,110,50,7,122,95,158,158,0,0,3,1,28,260,1
1326,67,134,155,110,50,7,122,95,158,158,0,0,3,1,28,260,1
1327,68,134,156,110,50,9,122,97,158,158,0,0,3,1,28,260,1
1328,68,134,156,110,50,9,122,97,158,158,0,0,3,1,28,260,1
1329,69,134,157,111,50,11,122,98,158,158,0,0,3,1,28,260,1
1330,69,134,157,111,50,11,122,98,158,156,0,0,3,0,28,260,1
1331,70,134,158,112,50,12,123,98,158,156,0,0,3,0,28,260,1
1332,70,134,158,112,50,12,123,98,158,154,0,0,3,0,28,260,1
1333,71,134,158,114,50,14,125,98,158,154,0,0,3,0,28,260,1
1334,71,134,158,114,50,14,125,98,158,152,0,0,3,0,28,260,1
1335,71,134,158,114,50,14,125,98,158,152,0,0,3,0,28,260,1
1336,71,134,158,114,50,14,125,98,158,150,0,0,3,0,28,260,1
1337,72,134,158,116,50,16,127,98,158,150,0,0,3,0,28,260,1
1338,72,134,158,116,50,16,127,98,158,148,0,0,3,0,28,260,1
1339,73,134,158,117,50,17,129,98,158,148,0,0,3,0,28,260,1
1340,73,134,158,117,50,17,129,98,158,146,0,0,3,0,29,300,1
1341,72,134,158,116,50,16,128,98,158,146,0,0,3,0,29,300,1
1342,72,134,158,116,50,16,128,98,158,144,0,0,3,0,29,300,1
1343,71,134,158,115,50,15,127,98,158,144,0,0,3,0,29,300,1
1344,71,134,158,115,50,15,127,98,158,142,0,0,3,0,29,300,1
1345,71,134,158,115,50,14,126,98,158,142,0,0,3,0,29,300,1
1346,71,134,158,115,50,14,126,98,158,140,0,0,3,0,29,300,1
1347,70,134,158,114,50,13,125,98,158,140,0,0,3,0,29,300,1
1348,70,134,158,114,50,13,125,98,158,138,0,0,3,0,29,300,1
1349,69,134,158,113,50,12,124,98,158,138,0,0,3,0,29,300,1
1350,69,134,158,113,50,12,124,98,158,136,0,0,3,0,29,300,1
1351,68,134,158,112,50,11,123,98,158,136,0,0,3,0,29,300,1
1352,68,134,158,112,50,11,123,98,158,134,0,0,3,0,30,310,1
1353,68,134,158,112,50,10,122,98,158,134,0,0,3,0,30,310,1
1354,68,134,158,112,50,10,122,98,158,132,0,0,3,0,30,310,1
1355,67,134,157,111,50,9,122,98,158,132,0,0,3,0,30,310,1
1356,67,134,157,111,50,9,122,98,158,131,0,0,3,0,30,310,1
1357,66,134,156,110,50,8,122,98,158,131,0,0,3,0,30,310,1
1358,66,134,156,110,50,8,122,98,158,129,0,0,3,0,30,310,1
1359,66,134,155,110,50,7,122,97,158,129,0,0,3,0,30,310,1
1360,66,134,155,110,50,7,122,97,158,128,0,0,3,0,30,310,1
1361,66,134,155,110,50,6,122,96,158,128,0,0,3,0,30,310,1
1362,66,134,155,110,50,6,122,96,158,126,0,0,3,0,30,310,1
1363,66,134,154,110,51,5,122,95,158,126,0,0,3,0,30,310,1
1364,66,134,154,110,51,5,122,95,158,124,0,0,3,0,30,310,1
1365,66,134,153,110,52,4,122,94,158,124,0,0,3,0,30,310,1
1366,66,134,153,110,52,4,122,94,158,122,0,0,3,0,31,320,1
1367,66,134,153,110,52,4,122,94,158,122,0,0,3,0,31,320,1
1368,66,134,153,110,52,4,122,94,158,122,0,0,3,0,31,320,1
1369,66,134,153,110,53,3,122,93,158,122,0,0,3,0,31,320,1
1370,66,134,153,110,53,3,122,93,158,122,0,0,3,0,31,320,1
1371,66,134,152,110,54,2,122,92,158,122,0,0,3,0,31,320,1
1372,66,134,152,110,54,2,122,92,158,122,0,0,3,0,31,320,1
1373,66,135,151,110,55,2,122,91,158,122,0,0,3,0,31,320,1
1374,66,135,151,110,55,2,122,91,158,122,0,0,3,0,31,320,1
1375,66,136,150,110,56,2,122,90,158,122,0,0,3,0,31,320,1
1376,66,136,150,110,56,2,122,90,158,122,0,0,3,0,31,320,1
1377,66,136,150,110,57,2,122,89,158,122,0,0,3,0,31,320,1
1378,66,136,150,110,57,2,122,89,158,122,0,0,3,0,31,320,1
1379,66,137,150,110,58,2,121,88,158,122,0,0,3,0,31,320,1
1380,66,137,150,110,58,2,121,88,158,122,0,0,3,0,31,320,1
1381,66,138,150,110,59,2,120,87,158,122,0,0,3,0,31,320,1
1382,66,138,150,110,59,2,120,87,158,122,0,0,3,0,31,320,1
1383,66,139,150,110,60,2,119,86,158,122,0,0,3,0,31,320,1
1384,66,139,150,110,60,2,119,86,158,122,0,0,3,0,31,320,1
1385,66,139,150,110,61,2,118,85,158,122,0,0,3,0,31,320,1
1386,66,139,150,110,61,2,118,85,158,122,0,0,3,0,31,320,1
1387,66,140,150,110,62,2,117,84,158,122,0,0,3,0,31,320,1
1388,66,140,150,110,62,2,117,84,158,122,0,0,3,0,31,320,1
1389,66,141,150,110,63,2,116,83,158,122,0,0,3,0,31,320,1
1390,66,141,150,110,63,2,116,83,158,122,0,0,3,0,31,320,1
1391,66,142,150,110,64,2,115,82,158,122,0,0,3,0,31,320,1
1392,66,142,150,110,64,2,115,82,158,122,0,0,3,0,31,320,1
1393,66,142,150,110,65,2,114,81,158,122,0,0,3,0,31,320,1
1394,66,142,150,110,65,2,114,81,158,122,0,0,3,0,31,320,1
1395,66,143,150,110,66,2,113,80,158,122,0,0,3,0,31,320,1
1396,66,143,150,110,66,2,113,80,158,122,0,0,3,0,31,320,1
1397,66,144,150,110,67,2,112,79,158,122,0,0,3,0,31,320,1
1398,66,144,150,110,67,2,112,79,158,122,0,0,3,0,31,320,1
1399,66,144,150,110,67,2,112,79,158,122,0,0,3,0,31,320,1
1400,66,144,150,110,67,2,112,79,158,122,0,0,3,0,31,320,1
1401,66,144,150,110,68,2,111,78,158,122,0,0,3,0,31,320,1
1402,66,144,150,110,68,2,111,78,158,122,0,0,3,0,31,320,1
1403,66,145,150,110,69,2,110,77,158,122,0,0,3,0,31,320,1
1404,66,145,150,110,69,2,110,77,158,122,0,0,3,0,31,320,1
1405,66,146,150,110,70,2,109,76,158,122,0,0,3,0,31,320,1
1406,66,146,150,110,70,2,109,76,158,122,0,0,3,0,31,320,1
1407,66,147,150,110,71,2,108,75,158,122,0,0,3,0,31,320,1
1408,66,147,150,110,71,2,108,75,158,122,0,0,3,0,31,320,1
1409,66,147,150,110,72,2,107,74,158,122,0,0,3,0,31,320,1
1410,66,147,150,110,72,2,107,74,158,122,0,0,3,0,31,320,1
1411,66,148,150,110,73,2,106,73,158,122,0,0,3,0,31,320,1
1412,66,148,150,110,73,2,106,73,158,122,0,0,3,0,31,320,1
1413,66,149,150,110,74,2,105,72,158,122,0,0,3,0,31,320,1
1414,66,149,150,110,74,2,105,72,158,122,0,0,3,0,31,320,1
1415,66,150,150,110,75,2,104,71,158,122,0,0,3,0,31,320,1
1416,66,150,150,110,75,2,104,71,158,122,0,0,3,0,31,320,1
1417,66,150,150,110,76,2,103,70,158,122,0,0,3,0,31,320,1
1418,66,150,150,110,76,2,103,70,158,122,0,0,3,0,31,320,1
1419,66,151,150,110,77,2,102,69,158,122,0,0,3,0,31,320,1
1420,66,151,150,110,77,2,102,69,158,122,0,0,3,0,31,320,1
1421,66,152,150,110,78,2,101,68,158,122,0,0,3,0,31,320,1
1422,66,152,150,110,78,2,101,68,158,122,0,0,3,0,31,320,1
1423,66,153,150,110,79,2,100,67,158,122,0,0,3,0,31,320,1
1424,66,153,150,110,79,2,100,67,158,122,0,0,3,0,31,320,1
1425,66,153,150,110,80,2,99,66,158,122,0,0,3,0,31,320,1
1426,66,153,150,110,80,2,99,66,158,122,0,0,3,0,31,320,1
1427,66,154,150,110,81,2,98,65,158,122,0,0,3,0,31,320,1
1428,66,154,150,110,81,2,98,65,158,122,0,0,3,0,31,320,1
1429,66,155,150,110,82,2,97,64,158,122,0,0,3,0,31,320,1
1430,66,155,150,110,82,2,97,64,158,122,0,0,3,0,31,320,1
1431,66,155,150,110,82,2,97,64,158,122,0,0,3,0,31,320,1
1432,66,155,150,110,82,2,97,64,158,122,0,0,3,0,31,320,1
1433,66,155,150,110,83,2,96,63,158,122,0,0,3,0,31,320,1
1434,66,155,150,110,83,2,96,63,158,122,0,0,3,0,31,320,1
1435,66,156,150,110,84,2,95,62,158,122,0,0,3,0,31,320,1
1436,66,156,150,110,84,2,95,62,158,122,0,0,3,0,31,320,1
1437,66,157,150,110,85,2,94,61,158,122,0,0,3,0,31,320,1
1438,66,157,150,110,85,2,94,61,158,122,0,0,3,0,31,320,1
1439,66,158,150,110,86,2,93,60,158,122,0,0,3,0,31,320,1
1440,66,158,150,110,86,2,93,60,158,122,0,0,3,0,31,320,1
1441,66,158,150,110,87,2,92,59,158,122,0,0,3,0,31,320,1
1442,66,158,150,110,87,2,92,59,158,124,0,0,3,2,31,320,1
1443,66,158,150,110,88,3,91,58,158,124,0,0,3,2,31,320,1
1444,66,158,150,110,88,3,91,58,158,126,0,0,3,2,31,320,1
1445,66,158,150,110,89,4,90,57,158,126,0,0,3,2,31,320,1
1446,66,158,150,110,89,4,90,57,158,128,0,0,3,2,31,320,1
1447,66,158,150,110,90,5,89,56,158,128,0,0,3,2,31,320,1
1448,66,158,150,110,90,5,89,56,158,130,0,0,3,2,31,320,1
1449,66,158,150,110,91,6,88,55,158,130,0,0,3,2,31,320,1
1450,66,158,150,110,91,6,88,55,158,132,0,0,3,2,31,320,1
1451,66,158,150,110,92,7,87,54,158,132,0,0,3,2,31,320,1
1452,66,158,150,110,92,7,87,54,158,134,0,0,3,2,31,320,1
1453,66,158,150,110,93,8,86,53,158,134,0,0,3,2,31,320,1
1454,66,158,150,110,93,8,86,53,158,136,0,0,3,2,31,320,1
1455,66,158,150,110,94,9,85,52,158,136,0,0,3,2,31,320,1
1456,66,158,150,110,94,9,85,52,158,138,0,0,3,2,31,320,1
1457,66,158,150,110,95,10,84,51,158,138,0,0,3,2,31,320,1
1458,66,158,150,110,95,10,84,51,158,140,0,0,3,2,31,320,1
1459,66,158,150,110,96,11,83,50,158,140,0,0,3,2,31,320,1
1460,66,158,150,110,96,11,83,50,158,142,0,0,3,2,31,320,1
1461,66,158,150,111,97,12,82,50,158,142,0,0,3,2,31,320,1
1462,66,158,150,111,97,12,82,50,158,144,0,0,3,2,31,320,1
1463,66,158,150,111,97,12,82,50,158,144,0,0,3,2,31,320,1
1464,66,158,150,111,97,12,82,50,158,146,0,0,3,2,31,320,1
1465,66,158,150,111,98,13,81,50,158,146,0,0,3,2,31,320,1
1466,66,158,150,111,98,13,81,50,158,148,0,0,3,2,31,320,1
1467,65,158,150,112,98,14,80,50,158,148,0,0,3,2,31,320,1
1468,65,158,150,112,98,14,80,50,158,150,0,0,3,2,31,320,1
1469,64,158,150,113,98,15,79,50,158,150,0,0,3,2,31,320,1
1470,64,158,150,113,98,15,79,50,158,152,0,0,3,2,31,320,1
1471,63,158,150,114,98,16,78,50,158,152,0,0,3,2,31,320,1
1472,63,158,150,114,98,16,78,50,158,154,0,0,3,2,31,320,1
1473,63,158,150,114,98,17,77,50,158,154,0,0,3,2,31,320,1
1474,63,158,150,114,98,17,77,50,158,156,0,0,3,2,31,320,1
1475,62,158,150,115,98,18,76,50,158,156,0,0,3,2,31,320,1
1476,62,158,150,115,98,18,76,50,158,158,0,0,3,2,31,320,1
1477,61,158,150,116,98,19,75,50,158,158,0,0,3,2,31,320,1
1478,61,158,150,116,98,19,75,50,158,158,0,0,3,2,31,320,1
1479,60,158,150,117,98,20,74,50,158,158,0,0,3,2,31,320,1
1480,60,158,150,117,98,20,74,50,158,158,0,0,3,2,31,320,1
1481,60,158,150,117,98,21,73,50,158,158,0,0,3,2,31,320,1
1482,60,158,150,117,98,21,73,50,158,158,0,0,3,2,31,320,1
1483,59,158,150,118,98,22,72,50,158,158,0,0,3,2,31,320,1
1484,59,158,150,118,98,22,72,50,158,158,0,0,3,2,31,320,1
1485,58,158,150,119,98,23,71,50,158,158,0,0,3,2,31,320,1
1486,58,158,150,119,98,23,71,50,158,158,0,0,3,2,31,320,1
1487,57,158,150,120,98,24,70,50,158,158,0,0,3,2,31,320,1
1488,57,158,150,120,98,24,70,50,158,158,0,0,3,2,31,320,1
1489,57,158,150,120,98,25,69,50,158,158,0,0,3,2,31,320,1
1490,57,158,150,120,98,25,69,50,158,158,0,0,3,2,31,320,1
1491,56,158,150,121,98,26,68,50,158,158,0,0,3,2,31,320,1
1492,56,158,150,121,98,26,68,50,158,158,0,0,3,2,31,320,1
1493,55,157,150,122,98,26,67,50,158,158,0,0,3,2,31,320,1
1494,55,157,150,122,98,26,67,50,158,158,0,0,3,2,31,320,1
1495,55,157,150,122,98,26,67,50,158,158,0,0,3,2,31,320,1
1496,55,157,150,122,98,26,67,50,158,158,0,0,3,2,31,320,1
1497,55,157,150,122,98,26,66,50,158,158,0,0,3,2,31,320,1
1498,55,157,150,122,98,26,66,50,158,158,0,0,3,2,31,320,1
1499,54,156,150,123,98,26,65,50,158,158,0,0,3,2,31,320,1
1500,54,156,150,123,98,26,65,50,158,158,0,0,3,2,31,320,1
1501,53,155,150,124,98,26,64,50,158,158,0,0,3,2,31,320,1
1502,53,155,150,124,98,26,64,50,158,158,0,0,3,2,31,320,1
1503,52,154,150,125,98,26,63,50,158,158,0,0,3,2,31,320,1
1504,52,154,150,125,98,26,63,50,156,158,0,0,3,3,31,320,1
1505,52,154,150,125,98,26,62,50,156,158,0,0,3,3,31,320,1
1506,52,154,150,125,98,26,62,50,155,158,0,0,3,3,31,320,1
1507,51,153,150,126,98,26,61,50,155,158,0,0,3,3,31,320,1
1508,51,153,150,126,98,26,61,50,153,158,0,0,3,3,31,320,1
1509,50,152,150,127,98,26,60,50,153,158,0,0,3,3,31,320,1
1510,50,152,150,127,98,26,60,50,152,158,0,0,3,3,31,320,1
1511,49,151,150,128,98,26,59,50,152,158,0,0,3,3,31,320,1
1512,49,151,150,128,98,26,59,50,150,158,0,0,3,3,31,320,1
1513,49,151,150,128,98,26,58,50,150,158,0,0,3,3,31,320,1
1514,49,151,150,128,98,26,58,50,149,158,0,0,3,3,31,320,1
1515,48,150,150,129,98,26,57,50,149,158,0,0,3,3,31,320,1
1516,48,150,150,129,98,26,57,50,147,158,0,0,3,3,31,320,1
1517,47,149,150,130,98,26,56,50,147,158,0,0,3,3,31,320,1
1518,47,149,150,130,98,26,56,50,146,158,0,0,3,3,31,320,1
1519,46,148,150,131,98,26,55,50,146,158,0,0,3,3,31,320,1
1520,46,148,150,131,98,26,55,50,144,158,0,0,3,3,31,320,1
1521,46,148,150,131,98,26,54,50,144,158,0,0,3,3,31,320,1
1522,46,148,150,131,98,26,54,50,143,158,0,0,3,3,31,320,1
1523,45,147,150,132,98,26,53,50,143,158,0,0,3,3,31,320,1
1524,45,147,150,132,98,26,53,50,141,158,0,0,3,3,31,320,1
1525,44,146,150,133,98,26,52,50,141,158,0,0,3,3,31,320,1
1526,44,146,150,133,98,26,52,50,140,158,0,0,3,3,31,320,1
1527,44,146,150,133,98,26,52,50,140,158,0,0,3,3,31,320,1
1528,44,146,150,133,98,26,52,50,138,158,0,0,3,3,31,320,1
1529,44,146,150,133,98,26,51,50,138,158,0,0,3,3,31,320,1
1530,44,146,150,133,98,26,51,50,137,158,0,0,3,3,31,320,1
1531,43,145,150,134,98,26,50,50,137,158,0,0,3,3,31,320,1
1532,43,145,150,134,98,26,50,50,135,158,0,0,3,3,31,320,1
1533,42,144,150,134,98,26,50,49,135,158,0,0,3,3,31,320,1
1534,42,144,150,134,98,26,50,49,134,158,0,0,3,3,31,320,1
1535,42,143,150,134,98,26,49,48,134,158,0,0,3,3,31,320,1
1536,42,143,150,134,98,26,49,48,132,158,0,0,3,3,31,320,1
1537,42,143,150,134,98,26,48,47,132,158,0,0,3,3,31,320,1
1538,42,143,150,134,98,26,48,47,131,158,0,0,3,3,31,320,1
1539,42,142,150,134,99,26,47,46,131,158,0,0,3,3,31,320,1
1540,42,142,150,134,99,26,47,46,129,158,0,0,3,3,31,320,1
1541,42,141,150,134,100,26,46,45,129,158,0,0,3,3,31,320,1
1542,42,141,150,134,100,26,46,45,128,158,0,0,3,3,31,320,1
1543,42,140,150,134,101,26,45,44,128,158,0,0,3,3,31,320,1
1544,42,140,150,134,101,26,45,44,126,158,0,0,3,3,31,320,1
1545,42,140,150,134,102,26,44,43,126,158,0,0,3,3,31,320,1
1546,42,140,150,134,102,26,44,43,125,158,0,0,3,3,31,320,1
1547,42,139,150,134,103,26,43,42,125,158,0,0,3,3,31,320,1
1548,42,139,150,134,103,26,43,42,123,158,0,0,3,3,31,320,1
1549,42,138,150,134,104,26,42,41,123,158,0,0,3,3,31,320,1
1550,42,138,150,134,104,26,42,41,122,158,0,0,3,3,31,320,1
1551,42,137,150,134,105,26,41,40,122,158,0,0,3,3,31,320,1
1552,42,137,150,134,105,26,41,40,120,158,0,0,3,3,31,320,1
1553,42,137,150,134,106,26,40,39,120,158,0,0,3,3,31,320,1
1554,42,137,150,134,106,26,40,39,119,158,0,0,3,3,31,320,1
1555,42,136,150,134,107,26,39,38,119,158,0,0,3,3,31,320,1
1556,42,136,150,134,107,26,39,38,117,158,0,0,3,3,31,320,1
1557,42,135,150,134,108,26,38,37,117,158,0,0,3,3,31,320,1
1558,42,135,150,134,108,26,38,37,116,158,0,0,3,3,31,320,1
1559,42,135,150,134,108,26,38,37,116,158,0,0,3,3,31,320,1
1560,42,135,150,134,108,26,38,37,114,158,0,0,3,3,31,320,1
1561,42,135,150,134,109,26,37,36,114,158,0,0,3,3,31,320,1
1562,42,135,150,134,109,26,37,36,113,158,0,0,3,3,31,320,1
1563,42,134,150,134,110,26,36,35,113,158,0,0,3,3,31,320,1
1564,42,134,150,134,110,26,36,35,111,158,0,0,3,3,31,320,1
1565,42,133,150,134,110,26,35,34,111,158,0,0,3,3,31,320,1
1566,42,133,150,134,110,26,35,34,110,158,0,0,3,3,31,320,1
1567,42,132,150,134,111,26,34,33,110,158,0,0,3,3,31,320,1
1568,42,132,150,134,111,26,34,33,108,158,0,0,3,3,31,320,1
1569,42,132,150,134,112,26,33,32,108,158,0,0,3,3,31,320,1
1570,42,132,150,134,112,26,33,32,107,158,0,0,3,3,31,320,1
1571,42,131,150,134,113,26,32,31,107,158,0,0,3,3,31,320,1
1572,42,131,150,134,113,26,32,31,105,158,0,0,3,3,31,320,1
1573,42,130,150,134,114,26,31,30,105,158,0,0,3,3,31,320,1
1574,42,130,150,134,114,26,31,30,104,158,0,0,3,3,31,320,1
1575,42,129,150,134,115,26,30,29,104,158,0,0,3,3,31,320,1
1576,42,129,150,134,115,26,30,29,102,158,0,0,3,3,31,320,1
1577,42,129,150,134,116,26,29,28,102,158,0,0,3,3,31,320,1
1578,42,129,150,134,116,26,29,28,101,158,0,0,3,3,31,320,1
1579,42,128,150,134,117,26,28,27,101,158,0,0,3,3,31,320,1
1580,42,128,150,134,117,26,28,27,99,158,0,0,3,3,31,320,1
1581,42,127,150,134,118,26,27,26,99,158,0,0,3,3,31,320,1
1582,42,127,150,134,118,26,27,26,98,158,0,0,3,3,31,320,1
1583,42,126,150,135,119,26,26,26,98,158,0,0,3,3,31,320,1
1584,42,126,150,135,119,26,26,26,96,158,0,0,3,3,31,320,1
1585,42,126,151,135,120,26,26,26,96,158,0,0,3,3,31,320,1
1586,42,126,151,135,120,26,26,26,95,158,0,0,3,3,31,320,1
1587,42,125,152,136,121,26,26,26,95,158,0,0,3,3,31,320,1
1588,42,125,152,136,121,26,26,26,93,158,0,0,3,3,31,320,1
1589,42,124,153,137,122,26,26,26,93,158,0,0,3,3,31,320,1
1590,42,124,153,137,122,26,26,26,92,158,0,0,3,3,31,320,1
1591,42,124,153,137,122,26,26,26,92,158,0,0,3,3,31,320,1
1592,42,124,153,137,122,26,26,26,90,158,0,0,3,3,31,320,1
1593,41,124,153,137,122,26,26,26,90,158,0,0,3,3,31,320,1
1594,41,124,153,137,122,26,26,26,89,158,0,0,3,3,31,320,1
1595,40,123,154,138,122,26,26,26,89,158,0,0,3,3,31,320,1
1596,40,123,154,138,122,26,26,26,87,158,0,0,3,3,31,320,1
1597,39,122,155,139,122,26,26,26,87,158,0,0,3,3,31,320,1
1598,39,122,155,139,122,26,26,26,86,158,0,0,3,3,31,320,1
1599,38,121,156,140,122,26,26,26,86,158,0,0,3,3,31,320,1
1600,38,121,156,140,122,26,26,26,84,158,0,0,3,3,31,320,1
1601,38,121,156,140,122,26,26,26,84,158,0,0,3,3,31,320,1
1602,38,121,156,140,122,26,26,26,83,158,0,0,3,3,31,320,1
1603,37,120,157,141,122,26,26,26,83,158,0,0,3,3,31,320,1
1604,37,120,157,141,122,26,26,26,81,158,0,0,3,3,31,320,1
1605,36,119,158,142,122,26,26,26,81,158,0,0,3,3,31,320,1
1606,36,119,158,142,122,26,26,26,80,158,0,0,3,3,31,320,1
1607,35,118,158,143,122,26,26,26,80,158,0,0,3,3,31,320,1
1608,35,118,158,143,122,26,26,26,78,158,0,0,3,3,31,320,1
1609,35,118,158,143,122,26,26,26,78,158,0,0,3,3,31,320,1
1610,35,118,158,143,122,26,26,26,77,158,0,0,3,3,31,320,1
1611,34,118,158,144,122,26,25,26,77,158,0,0,3,3,31,320,1
1612,34,118,158,144,122,26,25,26,75,158,0,0,3,3,31,320,1
1613,34,117,158,145,122,26,24,26,75,158,0,0,3,3,31,320,1
1614,34,117,158,145,122,26,24,26,74,158,0,0,3,3,31,320,1
1615,33,116,158,146,122,26,23,26,74,158,0,0,3,3,31,320,1
1616,33,116,158,146,122,26,23,26,72,158,0,0,3,3,31,320,1
1617,33,116,158,146,122,26,22,26,72,158,0,0,3,3,31,320,1
1618,33,116,158,146,122,26,22,26,71,158,0,0,3,3,31,320,1
1619,32,115,158,147,122,26,21,26,71,158,0,0,3,3,31,320,1
1620,32,115,158,147,122,26,21,26,69,158,0,0,3,3,31,320,1
1621,31,114,158,148,122,26,20,26,69,158,0,0,3,3,31,320,1
1622,31,114,158,148,122,26,20,26,68,158,0,0,3,3,31,320,1
1623,31,114,158,148,122,26,20,26,68,158,0,0,3,3,31,320,1
1624,31,114,158,148,122,26,20,26,66,158,0,0,3,3,31,320,1
1625,31,114,158,148,122,26,19,26,66,158,0,0,3,3,31,320,1
1626,31,114,158,148,122,26,19,26,65,158,0,0,3,3,31,320,1
1627,30,113,158,149,122,26,18,26,65,158,0,0,3,3,31,320,1
1628,30,113,158,149,122,26,18,26,63,158,0,0,3,3,31,320,1
1629,29,112,158,150,122,26,17,26,63,158,0,0,3,3,31,320,1
1630,29,112,158,150,122,26,17,26,62,158,0,0,3,3,31,320,1
1631,28,111,158,151,122,26,16,26,62,158,0,0,3,3,31,320,1
1632,28,111,158,151,122,26,16,26,60,158,0,0,3,3,31,320,1
1633,28,111,158,151,122,26,15,26,60,158,0,0,3,3,31,320,1
1634,28,111,158,151,122,26,15,26,59,158,0,0,3,3,31,320,1
1635,27,110,158,152,122,26,14,26,59,158,0,0,3,3,31,320,1
1636,27,110,158,152,122,26,14,26,57,158,0,0,3,3,31,320,1
1637,26,110,158,153,122,26,13,26,57,158,0,0,3,3,31,320,1
1638,26,110,158,153,122,26,13,26,56,158,0,0,3,3,31,320,1
1639,26,110,158,154,122,27,12,26,56,158,0,0,3,3,31,320,1
1640,26,110,158,154,122,27,12,26,54,158,0,0,3,3,31,320,1
1641,26,110,158,154,122,28,11,26,54,158,0,0,3,3,31,320,1
1642,26,110,158,154,122,28,11,26,53,158,0,0,3,3,31,320,1
1643,25,110,158,155,122,29,10,26,53,158,0,0,3,3,31,320,1
1644,25,110,158,155,122,29,10,26,51,158,0,0,3,3,31,320,1
1645,24,110,158,156,122,30,9,26,51,158,0,0,3,3,31,320,1
1646,24,110,158,156,122,30,9,26,50,158,0,0,3,3,31,320,1
1647,23,110,158,157,122,31,8,26,50,158,0,0,3,3,31,320,1
1648,23,110,158,157,122,31,8,26,48,158,0,0,3,3,31,320,1
1649,23,110,158,157,122,32,7,26,48,158,0,0,3,3,31,320,1
1650,23,110,158,157,122,32,7,26,47,158,0,0,3,3,31,320,1
1651,22,110,158,158,122,33,6,26,47,158,0,0,3,3,31,320,1
1652,22,110,158,158,122,33,6,26,45,158,0,0,3,3,31,320,1
1653,21,110,158,158,122,34,5,25,45,158,0,0,3,3,31,320,1
1654,21,110,158,158,122,34,5,25,44,158,0,0,3,3,31,320,1
1655,21,110,158,158,122,34,5,25,44,158,0,0,3,3,31,320,1
1656,21,110,158,158,122,34,5,25,42,158,0,0,3,3,31,320,1
1657,21,110,158,158,122,35,4,24,42,158,0,0,3,3,31,320,1
1658,21,110,158,158,122,35,4,24,41,158,0,0,3,3,31,320,1
1659,20,110,158,158,122,36,3,23,41,158,0,0,3,3,31,320,1
1660,20,110,158,158,122,36,3,23,39,158,0,0,3,3,31,320,1
1661,19,110,158,158,122,37,2,22,39,158,0,0,3,3,31,320,1
1662,19,110,158,158,122,37,2,22,38,158,0,0,3,3,31,320,1
1663,18,110,157,158,122,38,2,21,38,158,0,0,3,3,31,320,1
1664,18,110,157,158,122,38,2,21,36,158,0,0,3,3,31,320,1
1665,18,110,157,158,122,39,2,20,36,158,0,0,3,3,31,320,1
1666,18,110,157,158,122,39,2,20,35,158,0,0,3,3,31,320,1
1667,18,110,156,158,123,40,2,19,35,158,0,0,3,3,31,320,1
1668,18,110,156,158,123,40,2,19,33,158,0,0,3,3,31,320,1
1669,18,110,155,158,124,41,2,18,33,158,0,0,3,3,31,320,1
1670,18,110,155,158,124,41,2,18,32,158,0,0,3,3,31,320,1
1671,18,110,154,158,125,42,2,17,32,158,0,0,3,3,31,320,1
1672,18,110,154,158,125,42,2,17,30,158,0,0,3,3,31,320,1
1673,18,110,154,158,126,43,2,16,30,158,0,0,3,3,31,320,1
1674,18,110,154,158,126,43,2,16,29,158,0,0,3,3,31,320,1
1675,18,110,153,158,127,44,2,15,29,158,0,0,3,3,31,320,1
1676,18,110,153,158,127,44,2,15,27,158,0,0,3,3,31,320,1
1677,18,110,152,158,128,45,2,14,27,158,0,0,3,3,31,320,1
1678,18,110,152,158,128,45,2,14,26,158,0,0,3,3,31,320,1
1679,18,110,151,158,129,46,2,13,26,158,0,0,3,3,31,320,1
1680,18,110,151,158,129,46,2,13,24,158,0,0,3,3,31,320,1
1681,18,110,151,158,130,47,2,12,24,158,0,0,3,3,31,320,1
1682,18,110,151,158,130,47,2,12,23,158,0,0,3,3,31,320,1
1683,18,110,150,158,131,48,2,11,23,158,0,0,3,3,31,320,1
1684,18,110,150,158,131,48,2,11,21,158,0,0,3,3,31,320,1
1685,18,110,149,158,132,49,2,10,21,158,0,0,3,3,31,320,1
1686,18,110,149,158,132,49,2,10,20,158,0,0,3,3,31,320,1
1687,18,110,149,158,132,49,2,10,20,158,0,0,3,3,31,320,1
1688,18,110,149,158,132,49,2,10,18,158,0,0,3,3,31,320,1
1689,18,110,149,158,133,50,2,9,18,158,0,0,3,3,31,320,1
1690,18,110,149,158,133,50,2,9,18,158,0,0,3,3,31,320,1
1691,18,109,148,158,134,50,2,8,18,158,0,0,3,3,31,320,1
1692,18,109,148,158,134,50,2,8,18,158,0,0,3,3,31,320,1
1693,18,108,147,158,135,50,2,7,18,158,0,0,3,3,31,320,1
1694,18,108,147,158,135,50,2,7,18,158,0,0,3,3,31,320,1
1695,18,107,146,158,136,50,2,6,18,158,0,0,3,3,31,320,1
1696,18,107,146,158,136,50,2,6,18,158,0,0,3,3,31,320,1
1697,18,107,146,158,137,50,2,5,18,158,0,0,3,3,31,320,1
1698,18,107,146,158,137,50,2,5,18,158,0,0,3,3,31,320,1
1699,18,106,145,158,138,50,2,4,18,158,0,0,3,3,31,320,1
1700,18,106,145,158,138,50,2,4,18,158,0,0,3,3,31,320,1
1701,18,105,144,158,139,50,2,3,18,158,0,0,3,3,31,320,1
1702,18,105,144,158,139,50,2,3,18,158,0,0,3,3,31,320,1
1703,18,104,143,158,140,50,2,2,18,158,0,0,3,3,31,320,1
1704,18,104,143,158,140,50,2,2,18,158,0,0,3,3,31,320,1
1705,18,104,143,157,141,50,2,2,18,158,0,0,3,3,31,320,1
1706,18,104,143,157,141,50,2,2,18,158,0,0,3,3,31,320,1
1707,18,103,142,156,142,50,2,2,18,158,0,0,3,3,31,320,1
1708,18,103,142,156,142,50,2,2,18,158,0,0,3,3,31,320,1
1709,18,102,141,155,143,50,2,2,18,158,0,0,3,3,31,320,1
1710,18,102,141,155,143,50,2,2,18,158,0,0,3,3,31,320,1
1711,18,101,140,154,144,50,2,2,18,158,0,0,3,3,31,320,1
1712,18,101,140,154,144,50,2,2,18,158,0,0,3,3,31,320,1
1713,18,101,140,154,145,50,2,2,18,158,0,0,3,3,31,320,1
1714,18,101,140,154,145,50,2,2,19,158,0,0,3,1,31,320,1
1715,18,100,139,153,146,50,2,2,19,158,0,0,3,1,31,320,1
1716,18,100,139,153,146,50,2,2,21,158,0,0,3,1,31,320,1
1717,18,99,138,152,147,50,2,2,21,158,0,0,3,1,31,320,1
1718,18,99,138,152,147,50,2,2,22,158,0,0,3,1,31,320,1
1719,18,99,138,152,147,50,2,2,22,158,0,0,3,1,31,320,1
1720,18,99,138,152,147,50,2,2,24,158,0,0,3,1,31,320,1
1721,18,99,138,152,148,50,2,2,24,158,0,0,3,1,31,320,1
1722,18,99,138,152,148,50,2,2,25,158,0,0,3,1,31,320,1
1723,18,98,137,151,149,50,2,2,25,158,0,0,3,1,31,320,1
1724,18,98,137,151,149,50,2,2,27,158,0,0,3,1,31,320,1
1725,18,97,136,150,150,50,2,2,27,158,0,0,3,1,31,320,1
1726,18,97,136,150,150,50,2,2,28,158,0,0,3,1,31,320,1
1727,18,96,135,149,151,50,2,2,28,158,0,0,3,1,31,320,1
1728,18,96,135,149,151,50,2,2,30,158,0,0,3,1,31,320,1
1729,18,96,135,149,152,50,2,2,30,158,0,0,3,1,31,320,1
1730,18,96,135,149,152,50,2,2,31,158,0,0,3,1,31,320,1
1731,18,95,134,148,153,50,2,2,31,158,0,0,3,1,31,320,1
1732,18,95,134,148,153,50,2,2,33,158,0,0,3,1,31,320,1
1733,18,94,134,147,154,50,3,2,33,158,0,0,3,1,31,320,1
1734,18,94,134,147,154,50,3,2,34,158,0,0,3,1,31,320,1
1735,18,93,134,146,155,50,4,2,34,158,0,0,3,1,31,320,1
1736,18,93,134,146,155,50,4,2,36,158,0,0,3,1,31,320,1
1737,18,93,134,146,156,50,5,2,36,158,0,0,3,1,31,320,1
1738,18,93,134,146,156,50,5,2,37,158,0,0,3,1,31,320,1
1739,18,92,134,145,157,50,6,2,37,158,0,0,3,1,31,320,1
1740,18,92,134,145,157,50,6,2,39,158,0,0,3,1,31,320,1
1741,18,91,134,144,158,50,7,2,39,158,0,0,3,1,31,320,1
1742,18,91,134,144,158,50,7,2,40,158,0,0,3,1,31,320,1
1743,19,90,134,143,158,50,8,2,40,158,0,0,3,1,31,320,1
1744,19,90,134,143,158,50,8,2,42,158,0,0,3,1,31,320,1
1745,19,90,134,143,158,50,9,2,42,158,0,0,3,1,31,320,1
1746,19,90,134,143,158,50,9,2,43,158,0,0,3,1,31,320,1
1747,20,89,134,142,158,50,10,2,43,158,0,0,3,1,31,320,1
1748,20,89,134,142,158,50,10,2,45,158,0,0,3,1,31,320,1
1749,21,88,134,141,158,50,11,2,45,158,0,0,3,1,31,320,1
1750,21,88,134,141,158,50,11,2,46,158,0,0,3,1,31,320,1
1751,21,88,134,141,158,50,11,2,46,158,0,0,3,1,31,320,1
1752,21,88,134,141,158,50,11,2,48,158,0,0,3,1,31,320,1
1753,21,88,134,141,158,50,12,2,48,158,0,0,3,1,31,320,1
1754,21,88,134,141,158,50,12,2,49,158,0,0,3,1,31,320,1
1755,22,87,134,140,158,50,13,2,49,158,0,0,3,1,31,320,1
1756,22,87,134,140,158,50,13,2,51,158,0,0,3,1,31,320,1
1757,23,86,134,139,158,50,14,2,51,158,0,0,3,1,31,320,1
1758,23,86,134,139,158,50,14,2,52,158,0,0,3,1,31,320,1
1759,24,85,134,138,158,50,15,2,52,158,0,0,3,1,31,320,1
1760,24,85,134,138,158,50,15,2,54,158,0,0,3,1,31,320,1
1761,24,85,134,138,158,50,16,2,54,158,0,0,3,1,31,320,1
1762,24,85,134,138,158,50,16,2,55,158,0,0,3,1,31,320,1
1763,25,84,134,137,158,50,17,2,55,158,0,0,3,1,31,320,1
1764,25,84,134,137,158,50,17,2,57,158,0,0,3,1,31,320,1
1765,26,83,134,136,158,50,18,2,57,158,0,0,3,1,31,320,1
1766,26,83,134,136,158,50,18,2,58,158,0,0,3,1,31,320,1
1767,27,82,134,135,158,50,19,2,58,158,0,0,3,1,31,320,1
1768,27,82,134,135,158,50,19,2,60,158,0,0,3,1,31,320,1
1769,27,82,134,135,158,50,20,2,60,158,0,0,3,1,31,320,1
1770,27,82,134,135,158,50,20,2,61,158,0,0,3,1,31,320,1
1771,28,81,134,134,158,50,21,2,61,158,0,0,3,1,31,320,1
1772,28,81,134,134,158,50,21,2,63,158,0,0,3,1,31,320,1
1773,29,80,134,134,158,50,22,3,63,158,0,0,3,1,31,320,1
1774,29,80,134,134,158,50,22,3,64,158,0,0,3,1,31,320,1
1775,30,79,134,134,158,50,23,4,64,158,0,0,3,1,31,320,1
1776,30,79,134,134,158,50,23,4,66,158,0,0,3,1,31,320,1
1777,30,79,134,134,158,50,24,5,66,158,0,0,3,1,31,320,1
1778,30,79,134,134,158,50,24,5,67,158,0,0,3,1,31,320,1
1779,31,78,134,134,158,50,25,6,67,158,0,0,3,1,31,320,1
1780,31,78,134,134,158,50,25,6,69,158,0,0,3,1,31,320,1
1781,32,77,134,134,158,50,26,7,69,158,0,0,3,1,31,320,1
1782,32,77,134,134,158,50,26,7,70,158,0,0,3,1,31,320,1
1783,32,77,134,134,158,50,26,7,70,158,0,0,3,1,31,320,1
1784,32,77,134,134,158,50,26,7,72,158,0,0,3,1,31,320,1
1785,32,77,134,134,158,50,27,8,72,158,0,0,3,1,31,320,1
1786,32,77,134,134,158,50,27,8,73,158,0,0,3,1,31,320,1
1787,33,76,134,134,158,50,28,9,73,158,0,0,3,1,31,320,1
1788,33,76,134,134,158,50,28,9,75,158,0,0,3,1,31,320,1
1789,34,75,134,134,158,50,29,10,75,158,0,0,3,1,31,320,1
1790,34,75,134,134,158,50,29,10,76,158,0,0,3,1,31,320,1
1791,35,74,134,134,158,50,30,11,76,158,0,0,3,1,31,320,1
1792,35,74,134,134,158,50,30,11,78,158,0,0,3,1,31,320,1
1793,35,74,134,134,158,50,31,12,78,158,0,0,3,1,31,320,1
1794,35,74,134,134,158,50,31,12,79,158,0,0,3,1,31,320,1
1795,36,73,134,134,158,50,32,13,79,158,0,0,3,1,31,320,1
1796,36,73,134,134,158,50,32,13,81,158,0,0,3,1,31,320,1
1797,37,72,134,134,158,50,33,14,81,158,0,0,3,1,31,320,1
1798,37,72,134,134,158,50,33,14,82,158,0,0,3,1,31,320,1
1799,38,71,134,134,158,50,34,15,82,158,0,0,3,1,31,320,1
1800,38,71,134,134,158,50,34,15,84,158,0,0,3,1,31,320,1
1801,38,71,134,134,158,50,35,16,84,158,0,0,3,1,31,320,1
1802,38,71,134,134,158,50,35,16,85,158,0,0,3,1,31,320,1
1803,39,70,134,134,158,50,36,17,85,158,0,0,3,1,31,320,1
1804,39,70,134,134,158,50,36,17,87,158,0,0,3,1,31,320,1
1805,40,69,134,134,158,50,37,18,87,158,0,0,3,1,31,320,1
1806,40,69,134,134,158,50,37,18,88,158,0,0,3,1,31,320,1
1807,41,68,134,134,158,50,38,19,88,158,0,0,3,1,31,320,1
1808,41,68,134,134,158,50,38,19,90,158,0,0,3,1,31,320,1
1809,41,68,134,134,158,50,39,20,90,158,0,0,3,1,31,320,1
1810,41,68,134,134,158,50,39,20,91,158,0,0,3,1,31,320,1
1811,42,67,134,134,158,50,40,21,91,158,0,0,3,1,31,320,1
1812,42,67,134,134,158,50,40,21,93,158,0,0,3,1,31,320,1
1813,42,66,134,134,157,50,41,22,93,158,0,0,3,1,31,320,1
1814,42,66,134,134,157,50,41,22,94,158,0,0,3,1,31,320,1
1815,42,66,134,134,157,50,41,22,94,158,0,0,3,1,31,320,1
1816,42,66,134,134,157,50,41,22,96,158,0,0,3,1,31,320,1
1817,42,66,134,134,156,50,42,23,96,158,0,0,3,1,31,320,1
1818,42,66,134,134,156,50,42,23,97,158,0,0,3,1,31,320,1
1819,42,66,134,134,155,51,43,24,97,158,0,0,3,1,31,320,1
1820,42,66,134,134,155,51,43,24,99,158,0,0,3,1,31,320,1
1821,42,66,134,134,154,52,44,25,99,158,0,0,3,1,31,320,1
1822,42,66,134,134,154,52,44,25,100,158,0,0,3,1,31,320,1
1823,42,66,134,134,153,53,45,26,100,158,0,0,3,1,31,320,1
1824,42,66,134,134,153,53,45,26,102,158,0,0,3,1,31,320,1
1825,42,66,134,135,152,54,46,26,102,158,0,0,3,1,31,320,1
1826,42,66,134,135,152,54,46,26,103,158,0,0,3,1,31,320,1
1827,42,66,134,136,151,55,47,26,103,158,0,0,3,1,31,320,1
1828,42,66,134,136,151,55,47,26,105,158,0,0,3,1,31,320,1
1829,42,66,134,137,150,56,48,26,105,158,0,0,3,1,31,320,1
1830,42,66,134,137,150,56,48,26,106,158,0,0,3,1,31,320,1
1831,42,66,134,138,149,57,49,26,106,158,0,0,3,1,31,320,1
1832,42,66,134,138,149,57,49,26,108,158,0,0,3,1,31,320,1
1833,42,66,134,138,148,58,50,26,108,158,0,0,3,1,31,320,1
1834,42,66,134,138,148,58,50,26,109,158,0,0,3,1,31,320,1
1835,42,66,133,139,147,59,50,26,109,158,0,0,3,1,31,320,1
1836,42,66,133,139,147,59,50,26,111,158,0,0,3,1,31,320,1
1837,42,66,132,140,146,60,50,26,111,158,0,0,3,1,31,320,1
1838,42,66,132,140,146,60,50,26,112,158,0,0,3,1,31,320,1
1839,42,66,131,141,145,61,50,26,112,158,0,0,3,1,31,320,1
1840,42,66,131,141,145,61,50,26,114,158,0,0,3,1,31,320,1
1841,42,66,131,141,144,62,50,26,114,158,0,0,3,1,31,320,1
1842,42,66,131,141,144,62,50,26,115,158,0,0,3,1,31,320,1
1843,42,66,129,142,142,63,50,26,115,158,0,0,3,1,31,320,1
1844,42,66,129,142,142,63,50,26,117,158,0,0,3,1,31,320,1
1845,42,66,128,144,141,65,50,26,117,158,0,0,3,1,31,320,1
1846,42,66,128,144,141,65,50,26,118,158,0,0,3,1,31,320,1
1847,42,66,128,144,141,65,50,26,118,158,0,0,3,1,31,320,1
1848,42,66,128,144,141,65,50,26,120,158,0,0,3,1,31,320,1
1849,42,66,127,146,140,67,50,26,120,158,0,0,3,1,31,320,1
1850,42,66,127,146,140,67,50,26,121,158,0,0,3,1,31,320,1
1851,42,66,125,147,138,68,50,26,121,158,0,0,3,1,31,320,1
1852,42,66,125,147,138,68,50,26,123,158,0,0,3,1,31,320,1
1853,42,66,124,148,137,70,50,26,123,158,0,0,3,1,31,320,1
1854,42,66,124,148,137,70,50,26,124,158,0,0,3,1,31,320,1
1855,42,66,123,149,135,72,50,26,124,158,0,0,3,1,31,320,1
1856,42,66,123,149,135,72,50,26,126,158,0,0,3,1,31,320,1
1857,42,66,122,151,134,74,50,26,126,158,0,0,3,1,31,320,1
1858,42,66,122,151,134,74,50,26,127,158,0,0,3,1,31,320,1
1859,42,66,120,152,134,75,50,26,127,158,0,0,3,1,31,320,1
1860,42,66,120,152,134,75,50,26,129,158,0,0,3,1,31,320,1
1861,42,66,119,154,133,77,50,26,129,158,0,0,3,1,31,320,1
1862,42,66,119,154,133,77,50,26,130,158,0,0,3,1,31,320,1
1863,42,66,118,155,131,78,50,26,130,158,0,0,3,1,31,320,1
1864,42,66,118,155,131,78,50,26,132,158,0,0,3,1,31,320,1
1865,42,66,117,157,130,80,50,26,132,158,0,0,3,1,31,320,1
1866,42,66,117,157,130,80,50,26,133,158,0,0,3,1,31,320,1
1867,42,66,115,158,128,81,50,26,133,158,0,0,3,1,31,320,1
1868,42,66,115,158,128,81,50,26,135,158,0,0,3,1,31,320,1
1869,42,66,114,158,127,83,50,25,135,158,0,0,3,1,31,320,1
1870,42,66,114,158,127,83,50,25,136,158,0,0,3,1,31,320,1
1871,42,66,113,158,125,85,50,23,136,158,0,0,3,1,31,320,1
1872,42,66,113,158,125,85,50,23,138,158,0,0,3,1,31,320,1
1873,42,66,112,158,124,87,50,21,138,158,0,0,3,1,31,320,1
1874,42,66,112,158,124,87,50,21,139,158,0,0,3,1,31,320,1
1875,42,66,110,158,122,88,50,19,139,158,0,0,3,1,31,320,1
1876,42,66,110,158,122,88,50,19,141,158,0,0,3,1,31,320,1
1877,42,66,110,158,122,90,52,17,141,158,0,0,3,1,31,320,1
1878,42,66,110,158,122,90,52,17,142,158,0,0,3,1,31,320,1
1879,42,66,110,158,122,90,52,17,142,158,0,0,3,1,31,320,1
1880,42,66,110,158,122,90,52,17,144,158,0,0,3,1,31,320,1
1881,42,66,110,158,121,92,54,15,144,158,0,0,3,1,31,320,1
1882,42,66,110,158,121,92,54,15,145,158,0,0,3,1,31,320,1
1883,42,66,110,158,119,93,56,13,145,158,0,0,3,1,31,320,1
1884,42,66,110,158,119,93,56,13,147,158,0,0,3,1,31,320,1
1885,42,66,110,158,118,95,58,12,147,158,0,0,3,1,31,320,1
1886,42,66,110,158,118,95,58,12,148,158,0,0,3,1,31,320,1
1887,42,66,110,158,116,97,59,10,148,158,0,0,3,1,31,320,1
1888,42,66,110,158,116,97,59,10,150,158,0,0,3,1,31,320,1
1889,42,67,110,158,115,98,61,8,150,158,0,0,3,1,31,320,1
1890,42,67,110,158,115,98,61,8,151,158,0,0,3,1,31,320,1
1891,42,68,110,158,113,98,63,6,151,158,0,0,3,1,31,320,1
1892,42,68,110,158,113,98,63,6,153,158,0,0,3,1,31,320,1
1893,42,69,110,158,112,98,65,4,153,158,0,0,3,1,31,320,1
1894,42,69,110,158,112,98,65,4,154,158,0,0,3,1,31,320,1
1895,42,70,110,158,110,98,66,2,154,158,0,0,3,1,31,320,1
1896,42,70,110,158,110,98,66,2,156,158,0,0,3,1,31,320,1
1897,42,71,110,156,110,98,68,2,156,158,0,0,3,1,31,320,1
1898,42,71,110,156,110,98,68,2,157,158,0,0,3,1,31,320,1
1899,42,72,110,155,108,98,70,2,157,158,0,0,3,1,31,320,1
1900,42,72,110,155,108,98,70,2,158,158,0,0,3,1,31,320,1
1901,42,73,110,154,107,98,72,2,158,158,0,0,3,1,31,320,1
1902,42,73,110,154,107,98,72,2,158,158,0,0,3,1,31,320,1
1903,42,75,110,153,105,98,73,2,158,158,0,0,3,1,31,320,1
1904,42,75,110,153,105,98,73,2,158,158,0,0,3,1,31,320,1
1905,42,76,110,151,104,98,75,2,158,158,0,0,3,1,31,320,1
1906,42,76,110,151,104,98,75,2,158,158,0,0,3,1,31,320,1
1907,42,77,110,150,102,98,77,2,158,158,0,0,3,1,31,320,1
1908,42,77,110,150,102,98,77,2,158,158,0,0,3,1,31,320,1
1909,42,78,110,148,101,98,79,2,158,158,0,0,3,1,31,320,1
1910,42,78,110,148,101,98,79,2,158,158,0,0,3,1,31,320,1
1911,42,78,110,148,101,98,79,2,158,158,0,0,3,1,31,320,1
1912,42,78,110,148,101,98,79,2,158,158,0,0,3,1,31,320,1
1913,42,79,110,146,100,98,81,2,158,158,0,0,3,1,31,320,1
1914,42,79,110,146,100,98,81,2,158,158,0,0,3,1,31,320,1
1915,42,80,110,145,98,98,83,2,158,158,0,0,3,1,31,320,1
1916,42,80,110,145,98,98,83,2,158,158,0,0,3,1,31,320,1
1917,43,81,110,144,98,98,85,2,158,158,0,0,3,1,31,320,1
1918,43,81,110,144,98,98,85,2,158,158,0,0,3,1,31,320,1
1919,44,83,110,143,98,98,86,2,158,158,0,0,3,1,31,320,1
1920,44,83,110,143,98,98,86,2,158,158,0,0,3,1,31,320,1
1921,45,84,110,141,98,98,86,2,158,158,0,0,3,1,31,320,1
1922,45,84,110,141,98,98,86,2,158,158,0,0,3,1,31,320,1
1923,46,85,110,140,98,98,88,2,158,158,0,0,3,1,31,320,1
1924,46,85,110,140,98,98,88,2,158,158,0,0,3,1,31,320,1
1925,47,86,110,138,98,98,90,2,158,158,0,0,3,1,31,320,1
1926,47,86,110,138,98,98,90,2,158,158,0,0,3,1,31,320,1
1927,48,87,110,137,98,98,91,2,158,158,0,0,3,1,31,320,1
1928,48,87,110,137,98,98,91,2,158,158,0,0,3,1,31,320,1
1929,49,88,110,135,98,98,93,2,158,158,0,0,3,1,31,320,1
1930,49,88,110,135,98,98,93,2,158,158,0,0,3,1,31,320,1
1931,50,89,110,134,98,98,95,2,158,158,0,0,3,1,31,320,1
1932,50,89,110,134,98,98,95,2,158,158,0,0,3,1,31,320,1
1933,50,90,110,134,98,98,97,3,158,158,0,0,3,1,31,320,1
1934,50,90,110,134,98,98,97,3,158,158,0,0,3,1,31,320,1
1935,51,92,110,134,98,98,98,5,158,158,0,0,3,1,31,320,1
1936,51,92,110,134,98,98,98,5,158,158,0,0,3,1,31,320,1
1937,52,93,109,134,98,98,98,7,158,158,0,0,3,1,31,320,1
1938,52,93,109,134,98,98,98,7,158,158,0,0,3,1,31,320,1
1939,53,94,107,134,98,98,98,9,158,158,0,0,3,1,31,320,1
1940,53,94,107,134,98,98,98,9,158,158,0,0,3,1,31,320,1
1941,54,95,106,134,98,98,98,11,158,158,0,0,3,1,31,320,1
1942,54,95,106,134,98,98,98,11,158,158,0,0,3,1,31,320,1
1943,54,95,106,134,98,98,98,11,158,158,0,0,3,1,31,320,1
1944,54,95,106,134,98,98,98,11,158,158,0,0,3,1,31,320,1
1945,55,96,105,134,98,98,98,13,158,158,0,0,3,1,31,320,1
1946,55,96,105,134,98,98,98,13,158,158,0,0,3,1,31,320,1
1947,56,97,103,134,98,98,98,15,158,158,0,0,3,1,31,320,1
1948,56,97,103,134,98,98,98,15,158,158,0,0,3,1,31,320,1
1949,57,98,102,134,98,98,98,16,158,158,0,0,3,1,31,320,1
1950,57,98,102,134,98,98,98,16,158,158,0,0,3,1,31,320,1
1951,58,100,101,134,98,98,98,18,158,158,0,0,3,1,31,320,1
1952,58,100,101,134,98,98,98,18,158,158,0,0,3,1,31,320,1
1953,59,101,100,134,98,98,98,20,158,158,0,0,3,1,31,320,1
1954,59,101,100,134,98,98,98,20,158,158,0,0,3,1,31,320,1
1955,60,102,98,134,98,98,98,22,158,158,0,0,3,1,31,320,1
1956,60,102,98,134,98,98,98,22,158,158,0,0,3,1,31,320,1
1957,61,103,97,134,98,98,98,24,158,158,0,0,3,1,31,320,1
1958,61,103,97,134,98,98,98,24,158,158,0,0,3,1,31,320,1
1959,62,104,96,134,98,98,98,26,158,158,0,0,3,1,31,320,1
1960,62,104,96,134,98,98,98,26,158,158,0,0,3,1,31,320,1
1961,63,105,95,134,98,98,98,28,158,158,0,0,3,1,31,320,1
1962,63,105,95,134,98,98,98,28,158,156,0,0,3,0,31,320,1
1963,64,106,93,134,98,98,98,30,158,156,0,0,3,0,31,320,1
1964,64,106,93,134,98,98,98,30,158,154,0,0,3,0,31,320,1
1965,65,107,92,134,98,98,98,31,158,154,0,0,3,0,31,320,1
1966,65,107,92,134,98,98,98,31,158,152,0,0,3,0,31,320,1
1967,66,109,91,134,98,98,98,33,158,152,0,0,3,0,31,320,1
1968,66,109,91,134,98,98,98,33,158,150,0,0,3,0,31,320,1
1969,67,110,90,134,98,98,98,35,158,150,0,0,3,0,31,320,1
1970,67,110,90,134,98,98,98,35,158,148,0,0,3,0,31,320,1
1971,68,111,88,134,98,98,98,37,158,148,0,0,3,0,31,320,1
1972,68,111,88,134,98,98,98,37,158,146,0,0,3,0,31,320,1
1973,69,112,88,134,98,98,98,39,158,146,0,0,3,0,31,320,1
1974,69,112,88,134,98,98,98,39,158,144,0,0,3,0,31,320,1
1975,69,112,88,134,98,98,98,39,158,144,0,0,3,0,31,320,1
1976,69,112,88,134,98,98,98,39,158,142,0,0,3,0,31,320,1
1977,70,113,87,134,98,98,98,41,158,142,0,0,3,0,31,320,1
1978,70,113,87,134,98,98,98,41,158,140,0,0,3,0,31,320,1
1979,71,114,85,134,98,98,98,43,158,140,0,0,3,0,31,320,1
1980,71,114,85,134,98,98,98,43,158,138,0,0,3,0,31,320,1
1981,72,115,84,134,98,98,98,44,158,138,0,0,3,0,31,320,1
1982,72,115,84,134,98,98,98,44,158,136,0,0,3,0,31,320,1
1983,73,117,83,134,98,98,98,46,158,136,0,0,3,0,31,320,1
1984,73,117,83,134,98,98,98,46,158,134,0,0,3,0,31,320,1
1985,74,118,82,134,98,98,98,48,158,134,0,0,3,0,31,320,1
1986,74,118,82,134,98,98,98,48,158,132,0,0,3,0,31,320,1
1987,74,118,80,134,98,98,98,50,158,132,0,0,3,0,31,320,1
1988,74,118,80,134,98,98,98,50,158,130,0,0,3,0,31,320,1
1989,74,118,79,132,98,98,98,50,158,130,0,0,3,0,31,320,1
1990,74,118,79,132,98,98,98,50,158,128,0,0,3,0,31,320,1
1991,74,119,78,131,98,98,98,50,158,128,0,0,3,0,31,320,1
1992,74,119,78,131,98,98,98,50,158,126,0,0,3,0,31,320,1
1993,75,120,77,129,98,98,98,50,158,126,0,0,3,0,31,320,1
1994,75,120,77,129,98,98,98,50,158,124,0,0,3,0,31,320,1
1995,76,121,75,128,98,98,98,50,158,124,0,0,3,0,31,320,1
1996,76,121,75,128,98,98,98,50,158,122,0,0,3,0,31,320,1
1997,77,122,74,127,98,98,98,50,158,122,0,0,3,0,31,320,1
1998,77,122,74,127,98,98,98,50,158,122,0,0,3,0,31,320,1
1999,78,124,73,126,98,98,98,50,158,122,0,0,3,0,31,320,1
2000,78,124,73,126,98,98,98,50,158,122,0,0,3,0,31,320,1
2001,79,125,72,124,98,98,98,50,158,122,0,0,3,0,31,320,1
2002,79,125,72,124,98,98,98,50,158,122,0,0,3,0,31,320,1
2003,80,126,70,123,98,98,98,50,158,122,0,0,3,0,31,320,1
2004,80,126,70,123,98,98,98,50,158,122,0,0,3,0,31,320,1
2005,81,127,69,121,98,98,98,50,158,122,0,0,3,0,31,320,1
2006,81,127,69,121,98,98,98,50,158,122,0,0,3,0,31,320,1
2007,81,127,69,121,98,98,98,50,158,122,0,0,3,0,31,320,1
2008,81,127,69,121,98,98,98,50,158,122,0,0,3,0,31,320,1
2009,82,128,68,119,98,98,98,50,158,122,0,0,3,0,31,320,1
2010,82,128,68,119,98,98,98,50,157,122,0,0,3,3,31,320,1
2011,83,129,66,118,98,98,98,50,157,122,0,0,3,3,31,320,1
2012,83,129,66,118,98,98,98,50,155,122,0,0,3,3,31,320,1
2013,84,130,66,117,98,98,98,50,155,122,0,0,3,3,31,320,1
2014,84,130,66,117,98,98,98,50,154,122,0,0,3,3,31,320,1
2015,85,132,66,116,98,98,97,50,154,122,0,0,3,3,31,320,1
2016,85,132,66,116,98,98,97,50,152,122,0,0,3,3,31,320,1
2017,86,133,66,114,98,98,95,50,152,122,0,0,3,3,31,320,1
2018,86,133,66,114,98,98,95,50,151,122,0,0,3,3,32,330,1
2019,87,134,66,113,98,98,93,50,151,122,0,0,3,3,32,330,1
2020,87,134,66,113,98,98,93,50,150,122,0,0,3,3,32,330,1
2021,88,134,66,111,98,100,91,50,150,122,0,0,3,3,32,330,1
2022,88,134,66,111,98,100,91,50,149,122,0,0,3,3,32,330,1
2023,89,134,66,110,98,101,90,50,149,122,0,0,3,3,32,330,1
2024,89,134,66,110,98,101,90,50,148,122,0,0,3,3,32,330,1
2025,90,134,66,110,98,103,88,52,148,122,0,0,3,3,32,330,1
2026,90,134,66,110,98,103,88,52,149,122,0,0,3,1,32,330,1
2027,91,134,66,110,98,104,86,54,149,122,0,0,3,1,32,330,1
2028,91,134,66,110,98,104,86,54,151,122,0,0,3,1,32,330,1
2029,92,134,66,110,98,106,84,55,151,122,0,0,3,1,32,330,1
2030,92,134,66,110,98,106,84,55,152,122,0,0,3,1,32,330,1
2031,93,134,66,110,98,108,83,57,152,122,0,0,3,1,32,330,1
2032,93,134,66,110,98,108,83,57,154,122,0,0,3,1,32,330,1
2033,94,134,66,110,98,110,81,59,154,122,0,0,3,1,32,330,1
2034,94,134,66,110,98,110,81,59,155,122,0,0,3,1,32,330,1
2035,95,134,66,110,98,111,79,61,155,122,0,0,3,1,32,330,1
2036,95,134,66,110,98,111,79,61,157,122,0,0,3,1,32,330,1
2037,96,134,66,110,98,113,77,63,157,122,0,0,3,1,32,330,1
2038,96,134,66,110,98,113,77,63,158,122,0,0,3,1,32,330,1
2039,96,134,66,110,98,113,77,63,158,122,0,0,3,1,32,330,1
2040,96,134,66,110,98,113,77,63,158,122,0,0,3,1,32,330,1
2041,97,134,66,110,98,115,75,65,158,122,0,0,3,1,32,330,1
2042,97,134,66,110,98,115,75,65,158,122,0,0,3,1,32,330,1
2043,98,134,66,110,98,116,73,67,158,122,0,0,3,1,32,330,1
2044,98,134,66,110,98,116,73,67,158,122,0,0,3,1,32,330,1
2045,99,134,66,110,98,118,71,68,158,122,0,0,3,1,32,330,1
2046,99,134,66,110,98,118,71,68,158,122,0,0,3,1,32,330,1
2047,100,134,66,110,98,120,70,70,158,122,0,0,3,1,32,330,1
2048,100,134,66,110,98,120,70,70,158,122,0,0,3,1,32,330,1
2049,101,134,66,110,98,122,68,72,158,122,0,0,3,1,32,330,1
2050,101,134,66,110,98,122,68,72,158,122,0,0,3,1,32,330,1
2051,102,135,66,110,98,122,66,74,158,122,0,0,3,1,32,330,1
2052,102,135,66,110,98,122,66,74,158,122,0,0,3,1,32,330,1
2053,102,136,66,110,98,122,64,76,158,122,0,0,3,1,32,330,1
2054,102,136,66,110,98,122,64,76,157,122,0,0,3,3,32,330,1
2055,103,137,66,110,98,122,63,78,157,122,0,0,3,3,32,330,1
2056,103,137,66,110,98,122,63,78,155,122,0,0,3,3,32,330,1
2057,104,138,66,110,98,122,61,80,155,122,0,0,3,3,32,330,1
2058,104,138,66,110,98,122,61,80,154,122,0,0,3,3,32,330,1
2059,105,139,66,110,98,122,59,82,154,122,0,0,3,3,32,330,1
2060,105,139,66,110,98,122,59,82,152,122,0,0,3,3,32,330,1
2061,106,140,66,110,98,122,57,83,152,122,0,0,3,3,32,330,1
2062,106,140,66,110,98,122,57,83,151,122,0,0,3,3,32,330,1
2063,107,142,66,110,98,122,56,85,151,122,0,0,3,3,32,330,1
2064,107,142,66,110,98,122,56,85,149,122,0,0,3,3,32,330,1
2065,108,142,66,110,98,122,54,87,149,122,0,0,3,3,32,330,1
2066,108,142,66,110,98,122,54,87,148,122,0,0,3,3,32,330,1
2067,109,143,66,110,98,122,52,89,148,122,0,0,3,3,32,330,1
2068,109,143,66,110,98,122,52,89,146,122,0,0,3,3,32,330,1
2069,109,143,66,110,98,122,52,89,146,122,0,0,3,3,32,330,1
2070,109,143,66,110,98,122,52,89,146,122,0,0,3,3,32,330,1
2071,109,143,66,110,98,122,52,89,146,122,0,0,3,3,32,330,1
2072,109,143,66,110,98,122,52,89,146,122,0,0,3,3,32,330,1
2073,109,143,66,110,98,122,52,89,146,122,0,0,3,3,32,330,1
2074,109,143,66,110,98,122,52,89,146,122,0,0,3,3,32,330,1
2075,109,143,66,110,98,122,52,89,146,122,0,0,3,3,32,330,1
2076,109,143,66,110,98,122,52,89,146,122,0,0,3,3,32,330,1
2077,109,143,66,110,98,122,52,89,146,122,0,0,3,3,32,330,1
2078,109,143,66,110,98,122,52,89,146,122,0,0,3,3,32,330,1
2079,109,143,66,110,98,122,52,89,146,122,0,0,3,3,32,330,1
2080,109,143,66,110,98,122,52,89,146,122,0,0,3,3,32,330,1
2081,109,143,66,110,98,122,52,89,146,122,0,0,3,3,32,330,1
2082,109,143,66,110,98,122,52,89,146,122,0,0,3,3,32,330,1
2083,109,143,66,110,98,122,52,89,146,122,0,0,3,3,32,330,1
2084,109,143,66,110,98,122,52,89,146,122,0,0,3,3,32,330,1
2085,109,143,66,110,98,122,52,89,146,122,0,0,3,3,32,330,1
2086,109,143,66,110,98,122,52,89,146,122,0,0,3,3,32,330,1
2087,109,143,66,110,98,122,52,89,146,122,0,0,3,3,32,330,1
2088,109,143,66,110,98,122,52,89,146,122,0,0,3,3,32,330,1
2089,109,143,66,110,98,122,52,89,146,122,0,0,3,3,32,330,1
2090,109,143,66,110,98,122,52,89,146,122,0,0,3,3,32,330,1
2091,109,143,66,110,98,122,52,89,146,122,0,0,3,3,32,330,1
2092,109,143,66,110,98,122,52,89,146,122,0,0,3,3,32,330,1
2093,109,143,66,110,98,122,52,89,146,122,0,0,3,3,32,330,1
2094,109,143,66,110,98,122,52,89,146,122,0,0,3,3,32,330,1
2095,109,143,66,110,98,122,52,89,146,122,0,0,3,3,32,330,1
2096,109,143,66,110,98,122,52,89,146,122,0,0,3,3,32,330,1
2097,109,143,66,110,98,122,52,89,146,122,0,0,3,3,32,330,1
2098,109,143,66,110,98,122,52,89,146,122,0,0,3,3,32,330,1
2099,109,143,66,110,98,122,52,89,146,122,0,0,3,3,32,330,1
2100,109,143,66,110,98,122,52,89,146,122,0,0,3,3,32,330,1
2101,109,143,66,110,98,122,52,89,146,122,0,0,3,3,32,330,1
2102,109,143,66,110,98,122,52,89,146,122,0,0,3,3,32,330,1
2103,109,143,66,110,98,122,52,89,146,122,0,0,3,3,32,330,1
2104,109,143,66,110,98,122,52,89,146,122,0,0,3,0,32,330,1
2105,109,143,66,110,98,122,52,89,146,122,0,0,3,0,32,330,1
2106,109,143,66,110,98,122,52,89,146,122,0,0,3,0,32,330,1
2107,109,143,66,110,98,122,52,89,146,122,0,0,3,0,32,330,1
2108,109,143,66,110,98,122,52,89,146,122,0,0,3,0,32,330,1
2109,109,143,66,110,98,122,52,89,146,122,0,0,3,0,32,330,1
2110,109,143,66,110,98,122,52,89,146,122,0,0,3,0,32,330,1
2111,109,143,66,110,98,122,52,89,146,122,0,0,3,0,32,330,1
2112,109,143,66,110,98,122,52,89,146,122,0,0,3,1,32,330,1
2113,109,143,66,110,98,122,52,89,146,122,0,0,3,1,32,330,1
2114,109,143,66,110,98,122,52,89,146,122,0,0,3,1,32,330,1
2115,109,143,66,110,98,122,52,89,146,122,0,0,3,1,32,330,1
2116,109,143,66,110,98,122,52,89,146,122,0,0,3,1,32,330,1
2117,109,143,66,110,98,122,52,89,146,122,0,0,3,1,32,330,1
2118,109,143,66,110,98,122,52,89,146,122,0,0,3,1,32,330,1
2119,109,143,66,110,98,122,52,89,146,122,0,0,3,1,32,330,1
2120,109,143,66,110,98,122,52,89,146,122,0,0,3,2,32,330,1
2121,109,143,66,110,98,122,52,89,146,122,0,0,3,2,32,330,1
2122,109,143,66,110,98,122,52,89,146,122,0,0,3,2,32,330,1
2123,109,143,66,110,98,122,52,89,146,122,0,0,3,2,32,330,1
2124,109,143,66,110,98,122,52,89,146,122,0,0,3,2,32,330,1
2125,109,143,66,110,98,122,52,89,146,122,0,0,3,2,32,330,1
2126,109,143,66,110,98,122,52,89,146,122,0,0,3,2,32,330,1
2127,109,143,66,110,98,122,52,89,146,122,0,0,3,2,32,330,1
2128,109,143,66,110,98,122,52,89,146,122,0,0,3,3,32,330,1
2129,109,143,66,110,98,122,52,89,146,122,0,0,3,3,32,330,1
2130,109,143,66,110,98,122,52,89,146,122,0,0,3,3,32,330,1
2131,109,143,66,110,98,122,52,89,146,122,0,0,3,3,32,330,1
2132,109,143,66,110,98,122,52,89,146,122,0,0,3,3,32,330,1
2133,109,143,66,110,98,122,52,89,146,122,0,0,3,3,32,330,1
2134,109,143,66,110,98,122,52,89,146,122,0,0,3,3,32,330,1
2135,109,143,66,110,98,122,52,89,146,122,0,0,3,3,32,330,1
2136,109,143,66,110,98,122,52,89,146,122,0,0,3,0,32,330,1
2137,109,143,66,110,98,122,52,89,146,122,0,0,3,0,32,330,1
2138,109,143,66,110,98,122,52,89,146,122,0,0,3,0,32,330,1
2139,109,143,66,110,98,122,52,89,146,122,0,0,3,0,32,330,1
2140,109,143,66,110,98,122,52,89,146,122,0,0,3,0,32,330,1
2141,109,143,66,110,98,122,52,89,146,122,0,0,3,0,32,330,1
2142,109,143,66,110,98,122,52,89,146,122,0,0,3,0,32,330,1
2143,109,143,66,110,98,122,52,89,146,122,0,0,3,0,32,330,1
2144,109,143,66,110,98,122,52,89,146,122,0,0,3,1,32,330,1
2145,88,88,88,88,80,80,80,50,88,98,0,0,3,3,32,330,0
2146,88,88,88,88,80,80,80,50,88,98,0,0,3,3,32,330,0
2147,88,88,88,88,80,80,80,50,88,98,0,0,3,3,32,330,0
2148,88,88,88,88,80,80,80,50,88,98,0,0,3,3,32,330,0
2149,88,88,88,88,80,80,80,50,88,98,0,0,3,3,32,330,0
2150,88,88,88,88,80,80,80,50,88,98,0,0,3,3,32,330,0
2151,88,88,88,88,80,80,80,50,88,98,0,0,3,3,32,330,0
2152,88,88,88,88,80,80,80,50,88,98,0,0,3,3,32,330,0
2153,88,88,88,88,80,80,80,50,88,98,0,0,3,3,32,330,0
2154,88,88,88,88,80,80,80,50,88,98,0,0,3,3,32,330,0
2155,88,88,88,88,80,80,80,50,88,98,0,0,3,3,32,330,0
2156,88,88,88,88,80,80,80,50,88,98,0,0,3,3,32,330,0
2157,88,88,88,88,80,80,80,50,88,98,0,0,3,3,32,330,0
2158,88,88,88,88,80,80,80,50,88,98,0,0,3,3,32,330,0
2159,88,88,88,88,80,80,80,50,88,98,0,0,3,3,32,330,0
2160,88,88,88,88,80,80,80,50,88,98,0,0,3,3,32,330,0
2161,88,88,88,88,80,80,80,50,88,98,0,0,3,3,32,330,0
2162,88,88,88,88,80,80,80,50,88,98,0,0,3,3,32,330,0
2163,88,88,88,88,80,80,80,50,88,98,0,0,3,3,32,330,0
2164,88,88,88,88,80,80,80,50,88,98,0,0,3,3,32,330,0
2165,88,88,88,88,80,80,80,50,88,98,0,0,3,3,32,330,0
2166,88,88,88,88,80,80,80,50,88,98,0,0,3,3,32,330,0
2167,88,88,88,88,80,80,80,50,88,98,0,0,3,3,32,330,0
2168,88,88,88,88,80,80,80,50,88,98,0,0,3,3,32,330,0
2169,88,88,88,88,80,80,80,50,88,98,0,0,3,3,32,330,0
2170,88,88,88,88,80,80,80,50,88,98,0,0,3,3,32,330,0
2171,88,88,88,88,80,80,80,50,88,98,0,0,3,3,32,330,0
2172,88,88,88,88,80,80,80,50,88,98,0,0,3,3,32,330,0
2173,88,88,88,88,80,80,80,50,88,98,0,0,3,3,32,330,0
2174,88,88,88,88,80,80,80,50,88,98,0,0,3,3,32,330,0
2175,88,88,88,88,80,80,80,50,88,98,0,0,3,3,32,330,0
2176,88,88,88,88,80,80,80,50,88,98,0,0,3,3,32,330,0
2177,88,88,88,88,80,80,80,50,88,98,0,0,3,3,32,330,0
2178,88,88,88,88,80,80,80,50,88,98,0,0,3,3,32,330,0
2179,88,88,88,88,80,80,80,50,88,98,0,0,3,3,32,330,0
2180,88,88,88,88,80,80,80,50,88,98,0,0,3,3,32,330,0
2181,88,88,88,88,80,80,80,50,88,98,0,0,3,3,32,330,0
2182,88,88,88,88,80,80,80,50,88,98,0,0,3,3,32,330,0
2183,88,88,88,88,80,80,80,50,88,98,0,0,3,3,32,330,0
2184,88,88,88,88,80,80,80,50,88,98,0,0,3,3,32,330,0
2185,88,88,88,88,80,80,80,50,88,98,0,0,3,3,32,330,0
2186,88,88,88,88,80,80,80,50,88,98,0,0,3,3,32,330,0
2187,88,88,88,88,80,80,80,50,88,98,0,0,3,3,32,330,0
2188,88,88,88,88,80,80,80,50,88,98,0,0,3,3,32,330,0
2189,88,88,88,88,80,80,80,50,88,98,0,0,3,3,32,330,0
2190,88,88,88,88,80,80,80,50,88,98,0,0,3,3,32,330,0
2191,88,88,88,88,80,80,80,50,88,98,0,0,3,3,32,330,0
2192,88,88,88,88,80,80,80,50,88,98,0,0,3,3,32,330,0
2193,88,88,88,88,80,80,80,50,88,98,0,0,3,3,32,330,0
2194,88,88,88,88,80,80,80,50,88,98,0,0,3,3,32,330,0
2195,88,88,88,88,80,80,80,50,88,98,0,0,3,3,32,330,0
2196,88,88,88,88,80,80,80,50,88,98,0,0,3,3,32,330,0
2197,88,88,88,88,80,80,80,50,88,98,0,0,3,3,32,330,0
2198,88,88,88,88,80,80,80,50,88,98,0,0,3,3,32,330,0
2199,88,88,88,88,80,80,80,50,88,98,0,0,3,3,32,330,0
2200,88,88,88,88,80,80,80,50,88,98,0,0,3,3,32,330,0
2201,88,88,88,88,80,80,80,50,88,98,0,0,3,3,32,330,0
2202,88,88,88,88,80,80,80,50,88,98,0,0,3,3,32,330,0
2203,88,88,88,88,80,80,80,50,88,98,0,0,3,3,32,330,0
2204,88,88,88,88,80,80,80,50,88,98,0,0,3,3,32,330,0
2205,88,88,88,88,80,80,80,50,88,98,0,0,3,3,32,330,0
2206,88,88,88,88,80,80,80,50,88,98,0,0,3,3,32,330,0
2207,88,88,88,88,80,80,80,50,88,98,0,0,3,3,32,330,0
2208,88,88,88,88,80,80,80,50,88,98,0,0,3,3,32,330,0
2209,88,88,88,88,80,80,80,50,88,98,0,0,3,3,32,330,0
2210,88,88,88,88,80,80,80,50,88,98,0,0,3,3,32,330,0
2211,88,88,88,88,80,80,80,50,88,98,0,0,3,3,32,330,0
2212,88,88,88,88,80,80,80,50,88,98,0,0,3,3,32,330,0
2213,88,88,88,88,80,80,80,50,88,98,0,0,3,3,32,330,0
2214,88,88,88,88,80,80,80,50,88,98,0,0,3,3,32,330,0
2215,88,88,88,88,80,80,80,50,88,98,0,0,3,3,32,330,0
2216,88,88,88,88,80,80,80,50,88,98,0,0,3,3,32,330,0
2217,88,88,88,88,80,80,80,50,88,98,0,0,3,3,32,330,0
2218,88,88,88,88,80,80,80,50,88,98,0,0,3,3,32,330,0
2219,88,88,88,88,80,80,80,50,88,98,0,0,3,3,32,330,0
2220,88,88,88,88,80,80,80,50,88,98,0,0,3,3,32,330,0
2221,88,88,88,88,80,80,80,50,88,98,0,0,3,3,32,330,0
2222,88,88,88,88,80,80,80,50,88,98,0,0,3,3,32,330,0
2223,88,88,88,88,80,80,80,50,88,98,0,0,3,3,32,330,0
2224,88,88,88,88,80,80,80,50,88,98,0,0,3,3,32,330,0
2225,88,88,88,88,80,80,80,50,88,98,0,0,3,3,32,330,0
2226,88,88,88,88,80,80,80,50,88,98,0,0,3,3,32,330,0
2227,88,88,88,88,80,80,80,50,88,98,0,0,3,3,32,330,0
2228,88,88,88,88,80,80,80,50,88,98,0,0,3,3,32,330,0
2229,88,88,88,88,80,80,80,50,88,98,0,0,3,3,32,330,0
2230,88,88,88,88,80,80,80,50,88,98,0,0,3,3,32,330,0
2231,88,88,88,88,80,80,80,50,88,98,0,0,3,3,32,330,0
2232,88,88,88,88,80,80,80,50,88,98,0,0,3,3,32,330,0
2233,88,88,88,88,80,80,80,50,88,98,0,0,3,3,32,330,0
2234,88,88,88,88,80,80,80,50,88,98,0,0,3,3,32,330,0
2235,88,88,88,88,80,80,80,50,88,98,0,0,3,3,32,330,0
2236,88,88,88,88,80,80,80,50,88,98,0,0,3,3,32,330,0
2237,88,88,88,88,80,80,80,50,88,98,0,0,3,3,32,330,0
2238,88,88,88,88,80,80,80,50,88,98,0,0,3,3,32,330,0
2239,88,88,88,88,80,80,80,50,88,98,0,0,3,3,32,330,0
2240,88,88,88,88,80,80,80,50,88,98,0,0,3,3,32,330,0
2241,88,88,88,88,80,80,80,50,88,98,0,0,3,3,32,330,0
2242,88,88,88,88,80,80,80,50,88,98,0,0,3,3,32,330,0
2243,88,88,88,88,80,80,80,50,88,98,0,0,3,3,32,330,0
2244,88,88,88,88,80,80,80,50,88,98,0,0,3,3,32,330,0
2245,88,88,88,88,80,80,80,50,88,98,0,0,3,3,32,330,0
2246,88,88,88,88,80,80,80,50,88,98,0,0,3,3,32,330,0
2247,88,88,88,88,80,80,80,50,88,98,0,0,3,3,32,330,0
2248,88,88,88,88,80,80,80,50,88,98,0,0,3,3,32,330,0
2249,88,88,88,88,80,80,80,50,88,98,0,0,3,3,32,330,0
2250,88,88,88,88,80,80,80,50,88,98,0,0,3,3,32,330,0
2251,88,88,88,88,80,80,80,50,88,98,0,0,3,3,32,330,0
2252,88,88,88,88,80,80,80,50,88,98,0,0,3,3,32,330,0
2253,88,88,88,88,80,80,80,50,88,98,0,0,3,3,32,330,0
2254,88,88,88,88,80,80,80,50,88,98,0,0,3,3,32,330,0
2255,88,88,88,88,80,80,80,50,88,98,0,0,3,3,32,330,0
2256,88,88,88,88,80,80,80,50,88,98,0,0,3,3,32,330,0
2257,88,88,88,88,80,80,80,50,88,98,0,0,3,3,32,330,0
2258,88,88,88,88,80,80,80,50,88,98,0,0,3,3,32,330,0
2259,88,88,88,88,80,80,80,50,88,98,0,0,3,3,32,330,0
2260,88,88,88,88,80,80,80,50,88,98,0,0,3,3,32,330,0
2261,88,88,88,88,80,80,80,50,88,98,0,0,3,3,32,330,0
2262,88,88,88,88,80,80,80,50,88,98,0,0,3,3,32,330,0
2263,88,88,88,88,80,80,80,50,88,98,0,0,3,3,32,330,0
2264,88,88,88,88,80,80,80,50,86,98,0,0,3,3,32,330,0
2265,89,90,89,90,80,80,80,50,86,98,0,0,3,3,32,330,0
2266,89,90,89,90,80,80,80,50,85,98,0,0,3,3,32,330,0
2267,91,91,91,91,80,80,80,50,85,98,0,0,3,3,32,330,0
2268,91,91,91,91,80,80,80,50,83,98,0,0,3,3,32,330,0
2269,92,93,92,92,80,80,80,50,83,98,0,0,3,3,32,330,0
2270,92,93,92,92,80,80,80,50,82,98,0,0,3,3,32,330,0
2271,94,94,93,93,80,79,80,50,82,98,0,0,3,3,32,330,0
2272,94,94,93,93,80,79,80,50,80,98,0,0,3,3,32,330,0
2273,94,94,94,95,79,77,80,50,80,98,0,0,3,3,32,330,0
2274,94,94,94,95,79,77,80,50,79,98,0,0,3,3,32,330,0
2275,94,94,94,96,77,76,78,50,79,98,0,0,3,3,32,330,0
2276,94,94,94,96,77,76,78,50,77,98,0,0,3,3,32,330,0
2277,94,94,94,98,76,74,77,50,77,98,0,0,3,3,32,330,0
2278,94,94,94,98,76,74,77,50,76,98,0,0,3,3,32,330,0
2279,94,94,94,99,74,73,76,50,76,98,0,0,3,3,32,330,0
2280,94,94,94,99,74,73,76,50,74,98,0,0,3,3,32,330,0
2281,94,94,94,101,73,71,75,50,74,98,0,0,3,3,32,330,0
2282,94,94,94,101,73,71,75,50,73,98,0,0,3,3,32,330,0
2283,94,94,94,102,71,70,73,50,73,98,0,0,3,3,32,330,0
2284,94,94,94,102,71,70,73,50,71,98,0,0,3,3,32,330,0
2285,94,94,94,103,70,68,72,50,71,98,0,0,3,3,32,330,0
2286,94,94,94,103,70,68,72,50,70,98,0,0,3,3,32,330,0
2287,94,94,94,104,68,66,71,50,70,98,0,0,3,3,32,330,0
2288,94,94,94,104,68,66,71,50,68,98,0,0,3,3,32,330,0
2289,94,92,94,106,67,66,70,50,68,98,0,0,3,3,32,330,0
2290,94,92,94,106,67,66,70,50,67,98,0,0,3,3,32,330,0
2291,93,91,94,107,66,66,68,50,67,98,0,0,3,3,32,330,0
2292,93,91,94,107,66,66,68,50,65,98,0,0,3,3,32,330,0
2293,92,89,94,109,66,66,67,50,65,98,0,0,3,3,32,330,0
2294,92,89,94,109,66,66,67,50,64,98,0,0,3,3,32,330,0
2295,92,89,94,109,66,66,67,50,64,98,0,0,3,3,32,330,0
2296,92,89,94,109,66,66,67,50,62,98,0,0,3,3,32,330,0
2297,91,87,94,110,66,66,66,51,62,98,0,0,3,3,32,330,0
2298,91,87,94,110,66,66,66,51,61,98,0,0,3,3,32,330,0
2299,89,86,92,110,66,66,66,53,61,98,0,0,3,3,32,330,0
2300,89,86,92,110,66,66,66,53,59,98,0,0,3,3,32,330,0
2301,88,85,91,110,66,66,66,54,59,98,0,0,3,3,32,330,0
2302,88,85,91,110,66,66,66,54,58,98,0,0,3,3,32,330,0
2303,88,83,90,110,64,66,66,56,58,98,0,0,3,3,32,330,0
2304,88,83,90,110,64,66,66,56,56,98,0,0,3,3,32,330,0
2305,88,82,89,110,63,66,66,58,56,98,0,0,3,3,32,330,0
2306,88,82,89,110,63,66,66,58,55,98,0,0,3,3,32,330,0
2307,88,82,87,110,61,67,66,60,55,98,0,0,3,3,32,330,0
2308,88,82,87,110,61,67,66,60,53,98,0,0,3,3,32,330,0
2309,88,82,85,110,60,68,66,62,53,98,0,0,3,3,32,330,0
2310,88,82,85,110,60,68,66,62,52,98,0,0,3,3,32,330,0
2311,88,82,84,110,58,69,66,64,52,98,0,0,3,3,32,330,0
2312,88,82,84,110,58,69,66,64,50,98,0,0,3,3,32,330,0
2313,88,82,82,110,57,70,66,66,50,98,0,0,3,3,32,330,0
2314,88,82,82,110,57,70,66,66,49,98,0,0,3,3,32,330,0
2315,88,82,82,110,55,71,68,68,49,98,0,0,3,3,32,330,0
2316,88,82,82,110,55,71,68,68,47,98,0,0,3,3,32,330,0
2317,88,82,82,110,54,72,70,69,47,98,0,0,3,3,32,330,0
2318,88,82,82,110,54,72,70,69,46,98,0,0,3,3,32,330,0
2319,88,82,82,110,52,74,71,71,46,98,0,0,3,3,32,330,0
2320,88,82,82,110,52,74,71,71,44,98,0,0,3,3,32,330,0
2321,88,82,82,110,51,75,73,73,44,98,0,0,3,3,32,330,0
2322,88,82,82,110,51,75,73,73,43,98,0,0,3,3,32,330,0
2323,89,82,82,110,50,76,75,75,43,98,0,0,3,3,32,330,0
2324,89,82,82,110,50,76,75,75,42,98,0,0,3,3,32,330,0
2325,90,82,82,110,50,77,77,77,42,98,0,0,3,3,32,330,0
2326,90,82,82,110,50,77,77,77,42,98,0,0,3,3,32,330,0
2327,90,82,82,110,50,77,77,77,42,98,0,0,3,3,32,330,0
2328,90,82,82,110,50,77,77,77,42,98,0,0,3,3,32,330,0
2329,91,82,82,110,50,78,79,79,42,98,0,0,3,3,32,330,0
2330,91,82,82,110,50,78,79,79,42,98,0,0,3,3,32,330,0
2331,92,82,83,110,50,79,80,81,42,98,0,0,3,3,32,330,0
2332,92,82,83,110,50,79,80,81,42,98,0,0,3,3,32,330,0
2333,93,82,85,110,50,80,80,82,42,98,0,0,3,3,32,330,0
2334,93,82,85,110,50,80,80,82,42,98,0,0,3,3,32,330,0
2335,94,84,86,110,50,80,80,84,42,98,0,0,3,3,32,330,0
2336,94,84,86,110,50,80,80,84,42,98,0,0,3,3,32,330,0
2337,95,85,88,110,50,80,80,86,42,98,0,0,3,3,32,330,0
2338,95,85,88,110,50,80,80,86,42,98,0,0,3,3,32,330,0
2339,96,86,90,110,50,80,80,88,42,98,0,0,3,3,32,330,0
2340,96,86,90,110,50,80,80,88,42,98,0,0,3,3,32,330,0
2341,97,87,92,110,50,80,80,90,42,98,0,0,3,3,32,330,0
2342,97,87,92,110,50,80,80,90,42,98,0,0,3,3,32,330,0
2343,98,88,93,110,50,80,80,92,42,98,0,0,3,3,32,330,0
2344,98,88,93,110,50,80,80,92,42,98,0,0,3,3,32,330,0
2345,99,89,94,110,50,80,79,94,42,98,0,0,3,3,32,330,0
2346,99,89,94,110,50,80,79,94,42,98,0,0,3,3,32,330,0
2347,100,90,94,110,50,80,77,96,42,98,0,0,3,3,32,330,0
2348,100,90,94,110,50,80,77,96,42,98,0,0,3,3,32,330,0
2349,101,91,94,110,50,80,75,97,42,98,0,0,3,3,32,330,0
2350,101,91,94,110,50,80,75,97,42,98,0,0,3,3,32,330,0
2351,102,93,94,111,50,80,74,98,42,98,0,0,3,3,32,330,0
2352,102,93,94,111,50,80,74,98,42,98,0,0,3,3,32,330,0
2353,103,94,94,113,50,80,72,98,42,98,0,0,3,3,32,330,0
2354,103,94,94,113,50,80,72,98,42,98,0,0,3,3,32,330,0
2355,104,94,94,114,50,79,70,98,42,98,0,0,3,3,32,330,0
2356,104,94,94,114,50,79,70,98,42,98,0,0,3,3,32,330,0
2357,105,94,94,116,50,78,68,98,42,98,0,0,3,3,32,330,0
2358,105,94,94,116,50,78,68,98,42,98,0,0,3,3,32,330,0
2359,105,94,94,116,50,78,68,98,42,98,0,0,3,3,32,330,0
2360,105,94,94,116,50,78,68,98,42,98,0,0,3,3,32,330,0
2361,106,94,94,118,50,77,66,98,42,98,0,0,3,3,32,330,0
2362,106,94,94,118,50,77,66,98,42,98,0,0,3,3,32,330,0
2363,107,94,92,119,50,76,66,98,42,98,0,0,3,3,32,330,0
2364,107,94,92,119,50,76,66,98,42,98,0,0,3,3,32,330,0
2365,108,94,90,120,50,75,66,98,42,98,0,0,3,3,32,330,0
2366,108,94,90,120,50,75,66,98,42,98,0,0,3,3,32,330,0
2367,109,94,89,121,50,73,66,98,42,98,0,0,3,3,32,330,0
2368,109,94,89,121,50,73,66,98,42,98,0,0,3,3,32,330,0
2369,110,94,87,123,50,72,66,98,42,98,0,0,3,3,32,330,0
2370,110,94,87,123,50,72,66,98,42,98,0,0,3,3,32,330,0
2371,111,94,85,124,50,71,66,98,42,98,0,0,3,3,32,330,0
2372,111,94,85,124,50,71,66,98,42,98,0,0,3,3,32,330,0
2373,112,94,84,126,50,70,66,98,42,98,0,0,3,3,32,330,0
2374,112,94,84,126,50,70,66,98,42,98,0,0,3,3,32,330,0
2375,113,94,83,127,50,69,66,98,42,98,0,0,3,3,32,330,0
2376,113,94,83,127,50,69,66,98,42,98,0,0,3,3,32,330,0
2377,114,94,82,129,50,68,66,98,42,98,0,0,3,3,32,330,0
2378,114,94,82,129,50,68,66,98,42,98,0,0,3,3,32,330,0
2379,115,94,82,130,50,67,68,98,42,98,0,0,3,3,32,330,0
2380,115,94,82,130,50,67,68,98,42,98,0,0,3,3,32,330,0
2381,116,94,82,131,50,66,69,98,42,98,0,0,3,3,32,330,0
2382,116,94,82,131,50,66,69,98,42,98,0,0,3,3,32,330,0
2383,117,92,82,132,50,66,70,98,42,98,0,0,3,3,32,330,0
2384,117,92,82,132,50,66,70,98,42,98,0,0,3,3,32,330,0
2385,118,91,82,134,50,66,71,98,42,98,0,0,3,3,32,330,0
2386,118,91,82,134,50,66,71,98,42,98,0,0,3,3,32,330,0
2387,118,90,82,134,50,66,73,100,42,98,0,0,3,3,32,330,0
2388,118,90,82,134,50,66,73,100,42,98,0,0,3,3,32,330,0
2389,119,89,82,134,50,66,74,102,42,98,0,0,3,3,32,330,0
2390,119,89,82,134,50,66,74,102,42,98,0,0,3,3,32,330,0
2391,119,89,82,134,50,66,74,102,42,98,0,0,3,3,32,330,0
2392,119,89,82,134,50,66,74,102,42,98,0,0,3,3,32,330,0
2393,120,88,82,134,50,66,75,104,42,98,0,0,3,3,32,330,0
2394,120,88,82,134,50,66,75,104,42,98,0,0,3,3,32,330,0
2395,121,87,82,134,50,66,77,106,42,98,0,0,3,3,32,330,0
2396,121,87,82,134,50,66,77,106,42,98,0,0,3,3,32,330,0
2397,122,85,82,134,50,66,78,107,42,98,0,0,3,3,32,330,0
2398,122,85,82,134,50,66,78,107,42,98,0,0,3,3,32,330,0
2399,123,83,82,134,50,66,79,109,42,98,0,0,3,3,32,330,0
2400,123,83,82,134,50,66,79,109,42,98,0,0,3,3,32,330,0
2401,124,82,82,134,50,67,80,111,42,98,0,0,3,3,32,330,0
2402,124,82,82,134,50,67,80,111,42,98,0,0,3,3,32,330,0
2403,125,82,84,134,50,68,80,113,42,98,0,0,3,3,32,330,0
2404,125,82,84,134,50,68,80,113,42,98,0,0,3,3,32,330,0
2405,126,82,85,134,50,70,80,115,42,98,0,0,3,3,32,330,0
2406,126,82,85,134,50,70,80,115,42,98,0,0,3,3,32,330,0
2407,127,82,86,134,50,71,80,117,42,98,0,0,3,3,32,330,0
2408,127,82,86,134,50,71,80,117,42,98,0,0,3,3,32,330,0
2409,128,82,87,134,50,73,80,119,42,98,0,0,3,3,32,330,0
2410,128,82,87,134,50,73,80,119,42,98,0,0,3,3,32,330,0
2411,129,82,89,134,50,74,80,121,42,98,0,0,3,3,32,330,0
2412,129,82,89,134,50,74,80,121,42,98,0,0,3,3,32,330,0
2413,130,82,90,134,50,76,80,122,42,98,0,0,3,3,32,330,0
2414,130,82,90,134,50,76,80,122,42,98,0,0,3,3,32,330,0
2415,131,82,91,135,50,78,80,122,42,98,0,0,3,3,32,330,0
2416,131,82,91,135,50,78,80,122,42,98,0,0,3,3,32,330,0
2417,132,82,92,137,50,80,80,122,42,98,0,0,3,3,32,330,0
2418,132,82,92,137,50,80,80,122,42,98,0,0,3,3,32,330,0
2419,133,83,94,138,50,80,80,122,42,98,0,0,3,3,32,330,0
2420,133,83,94,138,50,80,80,122,42,98,0,0,3,3,32,330,0
2421,134,85,94,140,50,80,79,122,42,98,0,0,3,3,32,330,0
2422,134,85,94,140,50,80,79,122,42,98,0,0,3,3,32,330,0
2423,134,85,94,140,50,80,79,122,42,98,0,0,3,3,32,330,0
2424,134,85,94,140,50,80,79,122,42,98,0,0,3,3,32,330,0
2425,134,87,94,142,49,80,78,122,42,98,0,0,3,3,32,330,0
2426,134,87,94,142,49,80,78,122,42,98,0,0,3,3,32,330,0
2427,134,88,94,143,47,80,76,122,42,98,0,0,3,3,32,330,0
2428,134,88,94,143,47,80,76,122,42,98,0,0,3,3,32,330,0
2429,134,90,94,144,46,80,75,122,42,98,0,0,3,3,32,330,0
2430,134,90,94,144,46,80,75,122,43,98,0,0,3,1,32,330,0
2431,134,92,94,145,44,80,74,122,43,98,0,0,3,1,32,330,0
2432,134,92,94,145,44,80,74,122,45,98,0,0,3,1,32,330,0
2433,134,94,94,147,43,80,73,122,45,98,0,0,3,1,32,330,0
2434,134,94,94,147,43,80,73,122,46,98,0,0,3,1,32,330,0
2435,134,94,94,148,41,79,71,122,46,98,0,0,3,1,32,330,0
2436,134,94,94,148,41,79,71,122,48,98,0,0,3,1,32,330,0
2437,134,94,94,150,40,77,70,122,48,98,0,0,3,1,32,330,0
2438,134,94,94,150,40,77,70,122,49,98,0,0,3,1,32,330,0
2439,134,94,94,151,38,76,69,122,49,98,0,0,3,1,32,330,0
2440,134,94,94,151,38,76,69,122,51,98,0,0,3,1,32,330,0
2441,134,94,94,153,37,74,68,122,51,98,0,0,3,1,32,330,0
2442,134,94,94,153,37,74,68,122,52,98,0,0,3,1,32,330,0
2443,134,94,94,154,35,73,66,122,52,98,0,0,3,1,32,330,0
2444,134,94,94,154,35,73,66,122,54,98,0,0,3,1,32,330,0
2445,134,94,93,155,34,71,66,122,54,98,0,0,3,1,32,330,0
2446,134,94,93,155,34,71,66,122,55,98,0,0,3,1,32,330,0
2447,134,94,92,156,32,69,66,122,55,98,0,0,3,1,32,330,0
2448,134,94,92,156,32,69,66,122,57,98,0,0,3,1,32,330,0
2449,134,94,91,158,31,67,66,122,57,98,0,0,3,1,32,330,0
2450,134,94,91,158,31,67,66,122,58,98,0,0,3,1,32,330,0
2451,134,94,89,158,29,66,66,124,58,98,0,0,3,1,32,330,0
2452,134,94,89,158,29,66,66,124,60,98,0,0,3,1,32,330,0
2453,134,92,88,158,28,66,66,126,60,98,0,0,3,1,32,330,0
2454,134,92,88,158,28,66,66,126,61,98,0,0,3,1,32,330,0
2455,134,92,88,158,28,66,66,126,61,98,0,0,3,1,32,330,0
2456,134,92,88,158,28,66,66,126,63,98,0,0,3,1,32,330,0
2457,134,90,86,158,27,66,66,128,63,98,0,0,3,1,32,330,0
2458,134,90,86,158,27,66,66,128,64,98,0,0,3,1,32,330,0
2459,135,89,84,158,26,66,66,130,64,98,0,0,3,1,32,330,0
2460,135,89,84,158,26,66,66,130,66,98,0,0,3,1,32,330,0
2461,136,88,82,158,26,65,66,131,66,98,0,0,3,1,32,330,0
2462,136,88,82,158,26,65,66,131,66,96,0,0,3,0,32,330,0
2463,137,88,82,158,26,63,67,133,66,96,0,0,3,0,32,330,0
2464,137,88,82,158,26,63,67,133,66,94,0,0,3,0,32,330,0
2465,138,88,82,158,26,61,69,135,66,94,0,0,3,0,32,330,0
2466,138,88,82,158,26,61,69,135,66,92,0,0,3,0,32,330,0
2467,139,88,82,158,26,60,71,137,66,92,0,0,3,0,32,330,0
2468,139,88,82,158,26,60,71,137,66,90,0,0,3,0,32,330,0
2469,140,88,82,158,26,58,73,139,66,90,0,0,3,0,32,330,0
2470,140,88,82,158,26,58,73,139,66,88,0,0,3,0,32,330,0
2471,141,88,82,158,26,57,74,141,66,88,0,0,3,0,32,330,0
2472,141,88,82,158,26,57,74,141,66,86,0,0,3,0,33,340,0
2473,142,88,82,158,26,55,76,143,66,86,0,0,3,0,33,340,0
2474,142,88,82,158,26,55,76,143,66,84,0,0,3,0,33,340,0
2475,143,88,82,158,26,54,78,145,66,84,0,0,3,0,33,340,0
2476,143,88,82,158,26,54,78,145,66,83,0,0,3,0,33,340,0
2477,144,88,82,158,26,52,80,146,66,83,0,0,3,0,33,340,0
2478,144,88,82,158,26,52,80,146,66,81,0,0,3,0,33,340,0
2479,145,88,83,158,26,50,80,148,66,81,0,0,3,0,33,340,0
2480,145,88,83,158,26,50,80,148,66,80,0,0,3,0,33,340,0
2481,146,87,85,158,26,50,80,150,66,80,0,0,3,0,33,340,0
2482,146,87,85,158,26,50,80,150,66,78,0,0,3,0,33,340,0
2483,147,86,87,158,26,50,80,152,66,78,0,0,3,0,33,340,0
2484,147,86,87,158,26,50,80,152,66,76,0,0,3,0,33,340,0
2485,148,85,89,158,26,50,80,154,66,76,0,0,3,0,33,340,0
2486,148,85,89,158,26,50,80,154,66,74,0,0,3,0,34,350,0
2487,148,85,89,158,26,50,80,154,66,74,0,0,3,0,34,350,0
2488,148,85,89,158,26,50,80,154,66,73,0,0,3,0,34,350,0
2489,149,84,91,158,26,50,80,156,66,73,0,0,3,0,34,350,0
2490,149,84,91,158,26,50,80,156,66,71,0,0,3,0,34,350,0
2491,150,83,93,158,26,50,80,158,66,71,0,0,3,0,34,350,0
2492,150,83,93,158,26,50,80,158,66,70,0,0,3,0,34,350,0
2493,150,82,94,157,26,50,79,158,66,70,0,0,3,0,34,350,0
2494,150,82,94,157,26,50,79,158,66,68,0,0,3,0,34,350,0
2495,150,80,94,156,26,50,78,158,66,68,0,0,3,0,34,350,0
2496,150,80,94,156,26,50,78,158,66,66,0,0,3,0,34,350,0
2497,151,79,94,154,26,50,76,158,66,66,0,0,3,0,34,350,0
2498,151,79,94,154,26,50,76,158,66,64,0,0,3,0,34,350,0
2499,152,78,94,153,26,50,74,158,66,64,0,0,3,0,34,350,0
2500,152,78,94,153,26,50,74,158,66,62,0,0,3,0,35,360,0
2501,153,77,94,151,26,50,72,158,66,62,0,0,3,0,35,360,0
2502,153,77,94,151,26,50,72,158,66,60,0,0,3,0,35,360,0
2503,154,76,94,150,26,50,71,158,66,60,0,0,3,0,35,360,0
2504,154,76,94,150,26,50,71,158,66,59,0,0,3,0,35,360,0
2505,155,75,94,148,26,50,69,158,66,59,0,0,3,0,35,360,0
2506,155,75,94,148,26,50,69,158,66,57,0,0,3,0,35,360,0
2507,156,74,94,147,26,50,67,158,66,57,0,0,3,0,35,360,0
2508,156,74,94,147,26,50,67,158,66,56,0,0,3,0,35,360,0
2509,157,73,93,146,26,50,66,158,66,56,0,0,3,0,35,360,0
2510,157,73,93,146,26,50,66,158,66,54,0,0,3,0,35,360,0
2511,158,71,92,145,26,50,66,158,66,54,0,0,3,0,35,360,0
2512,158,71,92,145,26,50,66,158,66,52,0,0,3,0,35,360,0
2513,158,70,90,143,25,50,66,158,66,52,0,0,3,0,35,360,0
2514,158,70,90,143,25,50,66,158,66,50,0,0,3,0,36,360,0
2515,158,70,90,143,25,50,66,158,66,50,0,0,3,0,36,360,0
2516,158,70,90,143,25,50,66,158,66,50,0,0,3,0,36,360,0
2517,158,70,90,143,25,50,66,158,66,50,0,0,3,0,36,360,0
2518,158,70,90,143,25,50,66,158,66,50,0,0,3,0,36,360,0
2519,158,70,90,143,25,50,66,158,66,50,0,0,3,0,36,360,0
2520,158,70,90,143,25,50,66,158,66,50,0,0,3,0,36,360,0
2521,158,70,90,143,25,50,66,158,66,50,0,0,3,0,36,360,0
2522,158,70,90,143,25,50,66,158,66,50,0,0,3,0,36,360,0
2523,158,70,90,143,25,50,66,158,66,50,0,0,3,0,36,360,0
2524,158,70,90,143,25,50,66,158,66,50,0,0,3,0,36,360,0
2525,158,70,90,143,25,50,66,158,66,50,0,0,3,0,36,360,0
2526,158,70,90,143,25,50,66,158,66,50,0,0,3,0,36,360,0
2527,158,70,90,143,25,50,66,158,66,50,0,0,3,0,36,360,0
2528,158,70,90,143,25,50,66,158,66,50,0,0,3,0,36,360,0
2529,158,70,90,143,25,50,66,158,66,50,0,0,3,0,36,360,0
2530,158,70,90,143,25,50,66,158,66,50,0,0,3,0,36,360,0
2531,158,70,90,143,25,50,66,158,66,50,0,0,3,0,36,360,0
2532,158,70,90,143,25,50,66,158,66,50,0,0,3,0,36,360,0
2533,158,70,90,143,25,50,66,158,66,50,0,0,3,0,36,360,0
2534,158,70,90,143,25,50,66,158,66,50,0,0,3,0,36,360,0
2535,158,70,90,143,25,50,66,158,66,50,0,0,3,0,36,360,0
2536,158,70,90,143,25,50,66,158,66,50,0,0,3,0,36,360,0
2537,158,70,90,143,25,50,66,158,66,50,0,0,3,0,36,360,0
2538,158,70,90,143,25,50,66,158,66,50,0,0,3,0,36,360,0
2539,158,70,90,143,25,50,66,158,66,50,0,0,3,0,36,360,0
2540,158,70,90,143,25,50,66,158,66,50,0,0,3,0,36,360,0
2541,158,70,90,143,25,50,66,158,66,50,0,0,3,0,36,360,0
2542,158,70,90,143,25,50,66,158,66,50,0,0,3,0,36,360,0
2543,158,70,90,143,25,50,66,158,66,50,0,0,3,0,36,360,0
2544,158,70,90,143,25,50,66,158,66,50,0,0,3,0,36,360,0
2545,158,70,90,143,25,50,66,158,66,50,0,0,3,0,36,360,0
2546,158,70,90,143,25,50,66,158,66,50,0,0,3,0,36,360,0
2547,158,70,90,143,25,50,66,158,66,50,0,0,3,0,36,360,0
2548,158,70,90,143,25,50,66,158,66,50,0,0,3,0,36,360,0
2549,158,70,90,143,25,50,66,158,66,50,0,0,3,0,36,360,0
2550,158,70,90,143,25,50,66,158,66,50,0,0,3,0,36,360,0
2551,158,70,90,143,25,50,66,158,66,50,0,0,3,0,36,360,0
2552,158,70,90,143,25,50,66,158,66,50,0,0,3,0,36,360,0
2553,158,70,90,143,25,50,66,158,66,50,0,0,3,0,36,360,0
2554,158,70,90,143,25,50,66,158,66,50,0,0,3,0,36,360,0
2555,158,70,90,143,25,50,66,158,66,50,0,0,3,0,36,360,0
2556,158,70,90,143,25,50,66,158,66,50,0,0,3,0,36,360,0
2557,158,70,90,143,25,50,66,158,66,50,0,0,3,0,36,360,0
2558,158,70,90,143,25,50,66,158,66,50,0,0,3,0,36,360,0
2559,158,70,90,143,25,50,66,158,66,50,0,0,3,0,36,360,0
2560,158,70,90,143,25,50,66,158,66,50,0,0,3,1,36,360,0
2561,158,70,90,143,25,50,66,158,66,50,0,0,3,1,36,360,0
2562,158,70,90,143,25,50,66,158,66,50,0,0,3,1,36,360,0
2563,158,70,90,143,25,50,66,158,66,50,0,0,3,1,36,360,0
2564,158,70,90,143,25,50,66,158,66,50,0,0,3,1,36,360,0
2565,158,70,90,143,25,50,66,158,66,50,0,0,3,1,36,360,0
2566,158,70,90,143,25,50,66,158,66,50,0,0,3,1,36,360,0
2567,158,70,90,143,25,50,66,158,66,50,0,0,3,1,36,360,0
2568,158,70,90,143,25,50,66,158,66,50,0,0,3,2,36,360,0
2569,158,70,90,143,25,50,66,158,66,50,0,0,3,2,36,360,0
2570,158,70,90,143,25,50,66,158,66,50,0,0,3,2,36,360,0
2571,158,70,90,143,25,50,66,158,66,50,0,0,3,2,36,360,0
2572,158,70,90,143,25,50,66,158,66,50,0,0,3,2,36,360,0
2573,158,70,90,143,25,50,66,158,66,50,0,0,3,2,36,360,0
2574,158,70,90,143,25,50,66,158,66,50,0,0,3,2,36,360,0
2575,158,70,90,143,25,50,66,158,66,50,0,0,3,2,36,360,0
2576,158,70,90,143,25,50,66,158,66,50,0,0,3,3,36,360,0
2577,158,70,90,143,25,50,66,158,66,50,0,0,3,3,36,360,0
2578,158,70,90,143,25,50,66,158,66,50,0,0,3,3,36,360,0
2579,158,70,90,143,25,50,66,158,66,50,0,0,3,3,36,360,0
2580,158,70,90,143,25,50,66,158,66,50,0,0,3,3,36,360,0
2581,158,70,90,143,25,50,66,158,66,50,0,0,3,3,36,360,0
2582,158,70,90,143,25,50,66,158,66,50,0,0,3,3,36,360,0
2583,158,70,90,143,25,50,66,158,66,50,0,0,3,3,36,360,0
2584,158,70,90,143,25,50,66,158,66,50,0,0,3,0,36,360,0
2585,158,70,90,143,25,50,66,158,66,50,0,0,3,0,36,360,0
2586,158,70,90,143,25,50,66,158,66,50,0,0,3,0,36,360,0
2587,158,70,90,143,25,50,66,158,66,50,0,0,3,0,36,360,0
2588,158,70,90,143,25,50,66,158,66,50,0,0,3,0,36,360,0
2589,158,70,90,143,25,50,66,158,66,50,0,0,3,0,36,360,0
2590,158,70,90,143,25,50,66,158,66,50,0,0,3,0,36,360,0
2591,158,70,90,143,25,50,66,158,66,50,0,0,3,0,36,360,0
2592,158,70,90,143,25,50,66,158,66,50,0,0,3,1,36,360,0
